100
-0.119100307388
-0.489902136589
-0.178608009186
-0.136818313776
-0.167345030422
-0.0943534938741
-0.298406596368
0.402115654565
0.118770755511
0.157214721601
0.111644603896
-0.45226405227
-0.345203138198
-0.30315249208
-0.170479305925
0.387143883918
-0.270409002844
-0.297790501094
-0.112865002243
0.30524331768
0.204658568491
0.419132054148
0.167346139836
0.175931253788
-0.394509782382
0.16339717585
-0.26336078837
0.120129463034
0.239367576079
-0.0199847502095
-0.158419629459
-0.0678914160058
-0.440732004144
0.377355565652
-0.477849913483
0.414903009406
0.38280379754
-0.250464056277
-0.495023685629
-0.333407434592
0.236008739733
-0.0324225453749
0.024956282185
-0.459971742283
0.395730555062
-0.439870100426
0.414645260418
0.382638954944
0.00806306169964
-0.257636599613
0.446094097767
-0.41181117944
0.240613758612
0.151850115681
-0.188982538285
-0.351618521491
0.198081355835
0.096395481068
0.167963614953
-0.371011873573
0.480076564765
0.0179469762743
0.416591543391
0.401772623276
0.185667259774
-0.00953291721242
0.357930003723
-0.171283134892
0.357687028765
0.195567728814
0.183868177655
-0.00410283463701
0.0433022535375
-0.456301044948
0.0531526455284
0.178794618856
-0.180555329099
0.298913229272
-0.468008447292
0.31297500783
0.0982094751795
0.310409133952
0.402742312717
-0.119296148972
-0.358327577417
0.148015007786
-0.323491300815
0.41540325737
0.187211359001
-0.321330839943
-0.0156689825888
-0.296977793861
-0.290183410325
0.128160872632
0.148031534084
0.274571386257
-0.396333320039
-0.433691822023
-0.318921517595
0.295517769781
