10000
0.22428
0.26905
0.67303
0.47749
0.62372
0.23644
0.17712
0.82964
0.76692
0.93448
0.10789
0.18223
0.099095
0.48976
0.19325
0.89589
0.09909
0.044166
0.5573
0.7725
0.31194
0.17898
0.33896
0.21015
0.51015
0.90636
0.62892
0.10153
0.39085
0.054617
0.50128
0.43172
0.99756
0.8116
0.48565
0.89445
0.13755
0.39
0.92736
0.91749
0.71357
0.61834
0.34329
0.93603
0.12477
0.73059
0.64648
0.83315
0.39828
0.74982
0.83522
0.32246
0.55226
0.97913
0.54931
0.33042
0.61947
0.36064
0.75651
0.4139
0.49235
0.69474
0.97273
0.32775
0.8378
0.73907
0.95417
0.031923
0.35687
0.66265
0.2815
0.23038
0.71113
0.62457
0.59061
0.66044
0.047555
0.34878
0.45134
0.24091
0.71505
0.85618
0.28151
0.73105
0.13776
0.83672
0.1386
0.58821
0.36616
0.80676
0.50378
0.48959
0.87705
0.35314
0.44944
0.96353
0.042298
0.97296
0.18921
0.66712
0.58644
0.67511
0.36102
0.62028
0.81115
0.019257
0.083874
0.9748
0.65135
0.23124
0.40349
0.12202
0.26844
0.25785
0.33167
0.15223
0.34801
0.12166
0.88415
0.094278
0.93004
0.39902
0.047401
0.34237
0.73597
0.79468
0.54491
0.68622
0.89363
0.054792
0.30366
0.046192
0.19548
0.72017
0.72175
0.8778
0.58243
0.070684
0.92274
0.80037
0.28595
0.54366
0.98478
0.71568
0.83897
0.43326
0.47062
0.56071
0.26909
0.74902
0.50389
0.64681
0.30775
0.13872
0.47557
0.36246
0.78811
0.7803
0.66851
0.1335
0.021556
0.55984
0.30082
0.93941
0.9809
0.28662
0.80082
0.89611
0.59753
0.88402
0.94373
0.54916
0.72839
0.57676
0.025857
0.44653
0.6463
0.5212
0.37231
0.93713
0.82953
0.84909
0.37253
0.59318
0.87255
0.9335
0.66846
0.20678
0.65385
0.072052
0.40673
0.66693
0.93373
0.81095
0.48455
0.75675
0.41705
0.97179
0.98797
0.86415
0.38888
0.45474
0.24669
0.78442
0.88284
0.91371
0.55828
0.59887
0.14888
0.89971
0.45039
0.20567
0.89965
0.76259
0.88249
0.28495
0.67323
0.66428
0.12281
0.40732
0.27529
0.71667
0.28338
0.8962
0.82658
0.39003
0.4979
0.69481
0.83437
0.60963
0.57474
0.32604
0.45642
0.7138
0.88441
0.72086
0.018613
0.67478
0.43851
0.43782
0.11704
0.81468
0.32486
0.24623
0.34271
0.37569
0.54655
0.56192
0.39582
0.39813
0.51537
0.65753
0.95092
0.72235
0.40008
0.83187
0.13434
0.060467
0.084247
0.1639
0.32422
0.30173
0.011681
0.53991
0.095373
0.14651
0.63114
0.85932
0.97422
0.57084
0.99685
0.55354
0.51546
0.33068
0.43
0.49181
0.071037
0.88774
0.064634
0.43618
0.82663
0.39453
0.61347
0.81864
0.88624
0.93111
0.19078
0.25858
0.89787
0.59336
0.50384
0.61281
0.81942
0.53189
0.20208
0.45389
0.42791
0.96605
0.62006
0.69539
0.72016
0.3469
0.51699
0.55669
0.1565
0.56206
0.6948
0.42646
0.83627
0.73139
0.36003
0.45421
0.38639
0.77555
0.73427
0.43028
0.69375
0.94521
0.78423
0.70557
0.10933
0.38993
0.5909
0.45938
0.05034
0.22869
0.83419
0.015645
0.86371
0.078069
0.66904
0.50021
0.21799
0.57162
0.12219
0.67117
0.59959
0.055976
0.056343
0.1525
0.019621
0.43518
0.83222
0.61739
0.52013
0.86387
0.097698
0.90805
0.10802
0.517
0.14316
0.55937
0.0045796
0.76668
0.84871
0.91682
0.98697
0.50513
0.27142
0.10075
0.50785
0.58561
0.76289
0.082963
0.6616
0.51698
0.17105
0.93856
0.59048
0.44063
0.94192
0.65591
0.45195
0.8397
0.53262
0.55389
0.68007
0.36719
0.23929
0.57892
0.86689
0.40678
0.11262
0.44385
0.30018
0.40139
0.83336
0.40363
0.39018
0.36045
0.14026
0.26013
0.086815
0.4294
0.25728
0.29756
0.42486
0.11921
0.49507
0.70641
0.24357
0.78507
0.07409
0.39388
0.0033941
0.22068
0.0013006
0.18918
0.14248
0.26808
0.17489
0.13865
0.59889
0.90106
0.93938
0.22118
0.48267
0.37601
0.52378
0.26487
0.068357
0.43633
0.17385
0.026107
0.95468
0.4306
0.96156
0.76241
0.0073487
0.68004
0.70595
0.64513
0.55231
0.21811
0.77237
0.22803
0.37086
0.89093
0.85638
0.40243
0.31802
0.60864
0.9102
0.9091
0.59159
0.33257
0.85306
0.4424
0.90436
0.033179
0.53243
0.7165
0.1793
0.33653
0.18771
0.32193
0.40386
0.54857
0.048739
0.55273
0.27481
0.2415
0.24315
0.15416
0.95642
0.93566
0.81871
0.72826
0.17581
0.36037
0.18879
0.0011984
0.31642
0.69962
0.62526
0.54306
0.43904
0.28743
0.50166
0.76155
0.76241
0.57606
0.74766
0.64553
0.12322
0.5044
0.34726
0.092148
0.14785
0.19817
0.67227
0.43151
0.6944
0.25678
0.0097587
0.53228
0.27939
0.94623
0.90644
0.39268
0.024855
0.67144
0.83717
0.9715
0.056933
0.45032
0.58247
0.68664
0.71943
0.65004
0.72691
0.37385
0.58158
0.11612
0.057654
0.97977
0.28482
0.59497
0.96216
0.18578
0.19304
0.34164
0.9329
0.39067
0.27322
0.15195
0.39711
0.37472
0.13111
0.43504
0.091513
0.61463
0.010979
0.57326
0.78973
0.23537
0.44802
0.56936
0.061401
0.49629
0.64232
0.22127
0.83706
0.97108
0.84637
0.506
0.27888
0.74662
0.23693
0.95735
0.62026
0.60026
0.1726
0.090347
0.25526
0.85857
0.91107
0.69963
0.72518
0.22989
0.57605
0.81063
0.40384
0.98844
0.089999
0.32094
0.51141
0.060606
0.72569
0.55656
0.52936
0.82998
0.85876
0.78903
0.31783
0.45221
0.75223
0.10986
0.10974
0.26988
0.52464
0.97265
0.71041
0.31186
0.29146
0.85036
0.91165
0.63928
0.25537
0.088666
0.83826
0.58472
0.94811
0.061029
0.58464
0.28511
0.82773
0.19099
0.44253
0.39341
0.82657
0.67687
0.2076
0.3181
0.13381
0.67146
0.57099
0.16977
0.14766
0.47608
0.9081
0.55218
0.03294
0.053863
0.80506
0.45137
0.38265
0.78964
0.36429
0.53235
0.71166
0.87148
0.32869
0.65012
0.97484
0.075967
0.58702
0.41389
0.30914
0.26383
0.75877
0.99522
0.18657
0.78115
0.1958
0.99236
0.80226
0.42423
0.72886
0.49835
0.80899
0.35651
0.073243
0.59099
0.91019
0.19377
0.43237
0.74916
0.039184
0.94633
0.76367
0.55882
0.18384
0.49795
0.51785
0.99424
0.85485
0.9624
0.67894
0.4035
0.93498
0.47948
0.23179
0.39629
0.70508
0.55856
0.75663
0.99548
0.96243
0.53507
0.96387
0.11563
0.051448
0.30435
0.58019
0.53096
0.90121
0.54055
0.43198
0.54267
0.71241
0.016675
0.80092
0.14251
0.47847
0.25684
0.36909
0.66176
0.16961
0.27878
0.19822
0.19507
0.32684
0.88034
0.4711
0.40397
0.17923
0.96892
0.40746
0.84449
0.61533
0.37661
0.87718
0.78485
0.46495
0.81398
0.89844
0.42924
0.33433
0.59665
0.90199
0.70207
0.37746
0.73496
0.9541
0.54281
0.54011
0.31111
0.071235
0.18198
0.092989
0.46349
0.0093325
0.91503
0.64274
0.0014191
0.030385
0.20847
0.45497
0.12727
0.0086477
0.72708
0.35412
0.78045
0.43666
0.43655
0.049213
0.049632
0.0911
0.59404
0.24108
0.84137
0.85721
0.96361
0.4889
0.22031
0.22621
0.53679
0.76211
0.34757
0.46123
0.63932
0.91734
0.16157
0.71564
0.57774
0.4333
0.88424
0.39305
0.17898
0.63333
0.624
0.32794
0.80297
0.99948
0.98098
0.12704
0.23224
0.023632
0.60743
0.11081
0.40746
0.88408
0.54813
0.369
0.20835
0.44094
0.9562
0.12403
0.47076
0.8569
0.04339
0.69163
0.97899
0.28327
0.13378
0.68528
0.90945
0.61087
0.89998
0.19343
0.75442
0.34626
0.41863
0.15572
0.819
0.62492
0.73856
0.80511
0.067223
0.95079
0.49758
0.75515
0.74241
0.83113
0.1565
0.45731
0.6181
0.93218
0.83509
0.89542
0.58252
0.58275
0.85493
0.034866
0.88542
0.40773
0.036382
0.74615
0.15483
0.14391
0.60596
0.25448
0.32415
0.40179
0.40637
0.38619
0.6098
0.16689
0.18809
0.094629
0.32319
0.7696
0.23412
0.74037
0.69282
0.82408
0.82798
0.29337
0.30937
0.52303
0.3253
0.83184
0.81029
0.557
0.26296
0.68057
0.23365
0.45643
0.38457
0.5386
0.9917
0.75522
0.98045
0.23478
0.52856
0.051436
0.75688
0.60198
0.85717
0.98828
0.92948
0.40951
0.00034146
0.54088
0.20773
0.21928
0.32581
0.095949
0.74753
0.74851
0.5433
0.33813
0.83233
0.55257
0.95754
0.89283
0.3565
0.5464
0.34668
0.6228
0.79662
0.74587
0.12554
0.82239
0.025151
0.41443
0.73141
0.78137
0.36729
0.74487
0.89227
0.2426
0.1296
0.22507
0.35001
0.28708
0.92749
0.051314
0.59267
0.1629
0.83841
0.16756
0.5022
0.99933
0.35541
0.047078
0.21366
0.39784
0.33367
0.2296
0.93612
0.68319
0.96211
0.43797
0.94034
0.0058343
0.61031
0.80108
0.23298
0.93247
0.76326
0.82645
0.57346
0.79258
0.32904
0.22346
0.31239
0.58452
0.82991
0.29046
0.40255
0.86206
0.61474
0.99119
0.2037
0.82721
0.67586
0.24895
0.47579
0.39908
0.59944
0.80052
0.10507
0.82144
0.84109
0.35451
0.43007
0.57224
0.70082
0.74247
0.75788
0.38913
0.4293
0.95634
0.57297
0.84972
0.27635
0.62232
0.58836
0.96347
0.085903
0.5005
0.52159
0.090166
0.90467
0.88439
0.43899
0.78172
0.14847
0.61982
0.26062
0.44566
0.844
0.1962
0.30385
0.48329
0.33781
0.79849
0.98749
0.15905
0.23688
0.70224
0.37547
0.9737
0.97231
0.6437
0.8601
0.40188
0.63193
0.98524
0.55948
0.93359
0.72034
0.48404
0.63903
0.88764
0.19874
0.39537
0.99218
0.40235
0.65886
0.90135
0.99538
0.65316
0.10844
0.036114
0.61809
0.56714
0.96196
0.74611
0.66252
0.52331
0.25989
0.96199
0.5402
0.03027
0.69631
0.51972
0.059031
0.89004
0.3302
0.2297
0.11395
0.31092
0.22843
0.652
0.06616
0.27543
0.28182
0.88007
0.44433
0.75591
0.6033
0.78327
0.11393
0.97856
0.8486
0.050646
0.4662
0.32565
0.63021
0.2303
0.57988
0.60316
0.59988
0.44843
0.035423
0.51381
0.40773
0.10805
0.45988
0.45088
0.55114
0.8054
0.70085
0.87224
0.052192
0.21968
0.45964
0.95853
0.79005
0.45187
0.33343
0.059095
0.74091
0.50679
0.19993
0.42719
0.16869
0.75169
0.36835
0.94182
0.017173
0.82906
0.62659
0.53875
0.65051
0.72663
0.094489
0.87757
0.014362
0.2943
0.17991
0.92629
0.06818
0.58109
0.63715
0.65127
0.86462
0.055953
0.81686
0.52892
0.69435
0.2124
0.54328
0.70252
0.95643
0.44454
0.085398
0.05734
0.62945
0.79618
0.69119
0.34531
0.94682
0.52019
0.95381
0.073596
0.20703
0.77503
0.91419
0.78255
0.29553
0.15185
0.84791
0.78485
0.27083
0.22781
0.32102
0.82956
0.82218
0.57068
0.57183
0.28602
0.69913
0.79626
0.44159
0.44622
0.46566
0.27904
0.67538
0.90366
0.90853
0.7472
0.26051
0.68964
0.13183
0.1235
0.1909
0.14573
0.58504
0.073362
0.82233
0.7229
0.92586
0.49264
0.65488
0.89012
0.53853
0.28221
0.97596
0.036426
0.32624
0.97301
0.36503
0.30915
0.12091
0.91577
0.13548
0.33212
0.89748
0.49965
0.61529
0.58313
0.69825
0.029332
0.52788
0.032073
0.82714
0.33999
0.84671
0.24607
0.58149
0.93768
0.047787
0.053978
0.020618
0.68148
0.59863
0.11403
0.79625
0.61785
0.070214
0.069279
0.13601
0.78889
0.092398
0.23787
0.24365
0.10482
0.85835
0.6982
0.73374
0.65053
0.51627
0.32639
0.66178
0.11757
0.14782
0.019765
0.96429
0.97037
0.12386
0.46741
0.65669
0.29019
0.75454
0.55812
0.42779
0.26719
0.75374
0.89838
0.72844
0.40683
0.93832
0.25543
0.53316
0.95475
0.26775
0.25008
0.92767
0.068582
0.2994
0.59158
0.2033
0.63588
0.79837
0.5017
0.65081
0.79596
0.23337
0.60084
0.11246
0.51577
0.83784
0.92079
0.49823
0.27761
0.65252
0.9173
0.50984
0.97419
0.19728
0.11118
0.29735
0.39642
0.42076
0.31148
0.69384
0.091872
0.40209
0.29518
0.3065
0.10556
0.59383
0.28273
0.15522
0.00065867
0.2836
0.55081
0.8709
0.042253
0.90472
0.13097
0.83373
0.80047
0.91788
0.1373
0.50473
0.40496
0.17357
0.57518
0.60622
0.21445
0.51993
0.98919
0.48992
0.69487
0.41142
0.034777
0.29283
0.80144
0.3465
0.083316
0.51111
0.36683
0.73948
0.52474
0.80452
0.81691
0.18947
0.12369
0.821
0.6379
0.01612
0.89595
0.51538
0.54452
0.60644
0.76044
0.85535
0.38287
0.084649
0.73387
0.33199
0.83975
0.37172
0.82822
0.17652
0.12952
0.87988
0.044079
0.68672
0.73377
0.43717
0.37984
0.97966
0.39899
0.44019
0.15681
0.32603
0.31406
0.8945
0.24702
0.31068
0.40887
0.70801
0.14364
0.87132
0.083156
0.46174
0.030389
0.7532
0.70004
0.21451
0.6799
0.55729
0.85068
0.55857
0.90177
0.41952
0.35813
0.48899
0.25596
0.92917
0.46676
0.25401
0.43122
0.70253
0.40233
0.18184
0.85625
0.5842
0.37358
0.22169
0.21899
0.52223
0.43342
0.7413
0.07045
0.84733
0.67988
0.13665
0.8584
0.19983
0.60734
0.54304
0.16232
0.0056531
0.77149
0.76479
0.42107
0.056813
0.58575
0.17416
0.72861
0.53429
0.25306
0.91706
0.75819
0.88703
0.068798
0.18353
0.73707
0.69671
0.77699
0.5019
0.4255
0.61124
0.85577
0.6708
0.52359
0.29882
0.70397
0.38161
0.56769
0.88786
0.84295
0.8988
0.939
0.81544
0.0013578
0.0030907
0.087469
0.26073
0.022799
0.42408
0.34106
0.54135
0.92617
0.2985
0.33808
0.85948
0.34048
0.13812
0.5078
0.85666
0.38431
0.69569
0.6279
0.45039
0.47362
0.94971
0.083498
0.27983
0.44701
0.58757
0.87763
0.4691
0.43742
0.74618
0.46791
0.86083
0.46651
0.4981
0.48743
0.22947
0.085552
0.067383
0.88839
0.23317
0.8616
0.71174
0.87281
0.938
0.13969
0.3939
0.98056
0.64479
0.89641
0.48223
0.014093
0.62288
0.2311
0.52743
0.72499
0.60742
0.58837
0.43343
0.24417
0.42896
0.010177
0.60882
0.95798
0.095447
0.035591
0.88624
0.24694
0.0089151
0.81492
0.1405
0.87987
0.095377
0.35256
0.59342
0.58518
0.66768
0.64803
0.43337
0.13976
0.75193
0.24179
0.65046
0.85737
0.08437
0.97209
0.03146
0.8354
0.83571
0.049858
0.54589
0.94317
0.32147
0.80647
0.6014
0.78962
0.79919
0.049565
0.2832
0.65346
0.48966
0.97285
0.74849
0.56784
0.29896
0.25611
0.88656
0.4468
0.81599
0.098337
0.85959
0.027629
0.89916
0.89994
0.52411
0.1202
0.17779
0.70611
0.83136
0.034834
0.75784
0.95711
0.34287
0.63824
0.34301
0.21647
0.7862
0.72309
0.27884
0.58243
0.42101
0.092069
0.024027
0.49115
0.27827
0.33976
0.28735
0.1709
0.39926
0.69765
0.20368
0.66633
0.44307
0.4333
0.17524
0.1932
0.61642
0.26901
0.55968
0.94478
0.71447
0.67922
0.95938
0.77533
0.60773
0.948
0.059642
0.26871
0.98668
0.77221
0.47535
0.6809
0.41693
0.38015
0.21327
0.38294
0.029668
0.47232
0.33337
0.97584
0.55544
0.8463
0.40806
0.46202
0.82631
0.9912
0.52395
0.92544
0.73902
0.56743
0.96878
0.8245
0.95961
0.64635
0.37957
0.47657
0.91189
0.014854
0.15669
0.47157
0.54299
0.059691
0.65803
0.88964
0.10963
0.43777
0.28023
0.98525
0.60876
0.25375
0.13261
0.545
0.8278
0.83701
0.83335
0.20372
0.54442
0.87494
0.121
0.85635
0.89978
0.21787
0.076979
0.47422
0.83503
0.46939
0.41377
0.50275
0.12544
0.13229
0.87048
0.60295
0.2653
0.8648
0.058109
0.45775
0.72221
0.339
0.40122
0.52698
0.89424
0.77836
0.069368
0.27878
0.37937
0.86467
0.41996
0.23988
0.59765
0.4794
0.89855
0.93471
0.81789
0.70891
0.74322
0.89971
0.06524
0.33591
0.0043351
0.8281
0.50744
0.36616
0.22664
0.53483
0.28948
0.068371
0.084971
0.068339
0.40982
0.12338
0.44302
0.89894
0.35364
0.12018
0.56911
0.87503
0.34857
0.041921
0.14234
0.076593
0.74053
0.45653
0.66825
0.69925
0.57136
0.62869
0.87776
0.66235
0.87541
0.46752
0.14134
0.068134
0.71424
0.30799
0.67116
0.65242
0.53105
0.71511
0.50481
0.488
0.49784
0.93598
0.38928
0.11715
0.24042
0.68491
0.83925
0.97014
0.21517
0.76034
0.5841
0.40295
0.51004
0.49564
0.65137
0.74371
0.30195
0.089612
0.82597
0.38959
0.7753
0.17937
0.10936
0.90516
0.87635
0.99979
0.86425
0.036878
0.54468
0.99762
0.51101
0.87351
0.070221
0.98754
0.92271
0.56426
0.43146
0.33784
0.72072
0.013656
0.37406
0.92269
0.54648
0.47389
0.49654
0.30897
0.95084
0.98199
0.51356
0.99259
0.45584
0.42604
0.21321
0.19325
0.83275
0.72664
0.52975
0.82908
0.51187
0.55196
0.21328
0.58782
0.14276
0.052224
0.68331
0.60856
0.21966
0.40628
0.62991
0.55531
0.12758
0.1692
0.00099942
0.41816
0.48849
0.15987
0.66684
0.01792
0.11968
0.95213
0.97585
0.030915
0.49388
0.86272
0.24288
0.83427
0.81359
0.62897
0.0022382
0.37972
0.90441
0.68035
0.37882
0.63195
0.24327
0.57141
0.98173
0.84968
0.28344
0.68246
0.35812
0.98693
0.083986
0.25031
0.81135
0.084423
0.53125
0.80062
0.73882
0.14166
0.43789
0.35038
0.4785
0.5874
0.14581
0.90533
0.64019
0.16294
0.56591
0.93162
0.7831
0.68569
0.46622
0.26032
0.56927
0.24877
0.3193
0.9108
0.88522
0.79459
0.92581
0.17884
0.51754
0.62701
0.91318
0.66397
0.38919
0.74001
0.81763
0.60034
0.084997
0.92236
0.053598
0.52702
0.11885
0.38014
0.81283
0.2441
0.88442
0.71265
0.37815
0.24892
0.25285
0.76724
0.049862
0.68529
0.62028
0.74668
0.97726
0.38391
0.26021
0.87747
0.8061
0.46112
0.090962
0.56427
0.18738
0.53169
0.35503
0.31478
0.72674
0.51577
0.79064
0.20449
0.67811
0.052486
0.80117
0.67857
0.94601
0.091558
0.90844
0.50995
0.6149
0.31607
0.077487
0.85061
0.14453
0.37049
0.62239
0.99755
0.51734
0.99051
0.22653
0.39801
0.69657
0.064641
0.74766
0.4204
0.81132
0.37961
0.31907
0.98605
0.71818
0.41318
0.09863
0.73456
0.63731
0.073842
0.12051
0.9816
0.4968
0.022414
0.053832
0.14087
0.89347
0.46582
0.56086
0.49446
0.067785
0.89765
0.28857
0.26905
0.59419
0.47588
0.36831
0.65561
0.9382
0.62043
0.28284
0.20518
0.43913
0.02725
0.87618
0.61009
0.20359
0.51992
0.053824
0.86219
0.44293
0.54801
0.56686
0.6804
0.37138
0.078229
0.45635
0.047844
0.73826
0.038002
0.95424
0.74237
0.93745
0.51336
0.2409
0.25997
0.75897
0.99334
0.35671
0.75286
0.11005
0.59705
0.4306
0.73072
0.26118
0.094808
0.45096
0.64007
0.13204
0.45282
0.6522
0.827
0.30808
0.40236
0.88423
0.70058
0.24187
0.75983
0.29093
0.27744
0.0061078
0.37471
0.43693
0.3043
0.29086
0.24252
0.93668
0.86019
0.39723
0.47942
0.565
0.48962
0.26981
0.98974
0.18368
0.86166
0.032633
0.33196
0.74875
0.64437
0.16924
0.95221
0.54327
0.25141
0.57857
0.91548
0.8956
0.48251
0.44274
0.31175
0.055314
0.75379
0.13195
0.35592
0.39587
0.88552
0.02124
0.84408
0.28807
0.25034
0.48838
0.72904
0.20262
0.21628
0.97633
0.59324
0.3044
0.9677
0.89597
0.19003
0.0017993
0.71176
0.86773
0.11831
0.039023
0.59819
0.60431
0.51643
0.0075074
0.68893
0.94602
0.87354
0.11328
0.35457
0.24194
0.56033
0.61273
0.30081
0.79814
0.79564
0.78109
0.3511
0.054297
0.7087
0.99293
0.16248
0.11357
0.91288
0.48166
0.85181
0.80991
0.18676
0.2472
0.054189
0.60896
0.77723
0.51106
0.02775
0.99039
0.50094
0.332
0.17388
0.62564
0.57513
0.75099
0.15352
0.35679
0.14395
0.85061
0.33787
0.2752
0.006011
0.80191
0.49741
0.53784
0.87091
0.72284
0.66809
0.17883
0.5505
0.95988
0.59602
0.80857
0.98453
0.88592
0.21384
0.03463
0.45112
0.013795
0.47371
0.9512
0.24895
0.38642
0.43143
0.83089
0.82465
0.453
0.38056
0.92587
0.74084
0.73763
0.94692
0.5101
0.79188
0.45217
0.8492
0.39043
0.73838
0.97644
0.5233
0.42992
0.20716
0.3234
0.11087
0.37521
0.3299
0.34211
0.81712
0.53169
0.52112
0.77431
0.12026
0.62545
0.34665
0.33462
0.57462
0.86394
0.19856
0.67245
0.90183
0.19916
0.29828
0.49652
0.8899
0.50141
0.277
0.53396
0.57425
0.4128
0.014764
0.70276
0.50675
0.38127
0.064932
0.35858
0.23425
0.2035
0.81378
0.39343
0.053575
0.37505
0.77499
0.1653
0.91222
0.31921
0.32978
0.20424
0.76721
0.069973
0.95003
0.15821
0.28645
0.68713
0.14115
0.51209
0.72133
0.92885
0.7321
0.74985
0.40732
0.23949
0.52085
0.21908
0.84239
0.66293
0.81624
0.79388
0.46911
0.30952
0.68758
0.98685
0.76993
0.82958
0.70608
0.59534
0.75287
0.49672
0.86513
0.068028
0.96855
0.098756
0.54698
0.40297
0.10704
0.72417
0.61368
0.78297
0.56662
0.81132
0.57678
0.94403
0.87145
0.5076
0.78882
0.47303
0.8288
0.32248
0.97615
0.27821
0.072831
0.75122
0.83119
0.92234
0.32702
0.80407
0.53825
0.46329
0.82075
0.95191
0.076273
0.70867
0.23493
0.3989
0.26812
0.83251
0.99537
0.64975
0.70395
0.9323
0.68765
0.56835
0.38085
0.63458
0.36323
0.40762
0.3687
0.4684
0.50341
0.91054
0.20643
0.3386
0.57413
0.48693
0.26222
0.57959
0.87833
0.06095
0.44088
0.084258
0.56324
0.53931
0.76806
0.23309
0.58736
0.45897
0.86098
0.66084
0.35388
0.34719
0.25372
0.95253
0.2982
0.15841
0.3613
0.74163
0.7059
0.70089
0.0062258
0.37435
0.9015
0.31834
0.59708
0.2978
0.12501
0.38836
0.81769
0.98118
0.86199
0.083821
0.33771
0.23613
0.31781
0.98445
0.54825
0.74925
0.84185
0.16689
0.9031
0.10512
0.74509
0.72937
0.71747
0.13343
0.44579
0.50879
0.53049
0.85972
0.67772
0.80584
0.53124
0.9559
0.066677
0.54152
0.28166
0.4809
0.68486
0.20826
0.60816
0.32618
0.88085
0.13339
0.10241
0.95912
0.1529
0.15254
0.15555
0.089569
0.45442
0.6689
0.8313
0.79024
0.71271
0.4726
0.70859
0.95806
0.50578
0.30505
0.78981
0.23639
0.2343
0.4647
0.61939
0.61533
0.12262
0.12379
0.28446
0.73573
0.41131
0.82898
0.93511
0.39907
0.052211
0.57119
0.74767
0.32024
0.49293
0.22165
0.93927
0.48231
0.54
0.22106
0.095945
0.060165
0.81951
0.77148
0.1957
0.89512
0.6843
0.65685
0.99038
0.033692
0.42425
0.48998
0.5835
0.08327
0.66015
0.052305
0.55683
0.71203
0.48791
0.6176
0.21378
0.64566
0.38064
0.10371
0.37751
0.26286
0.24129
0.62292
0.52293
0.41324
0.21779
0.85855
0.86101
0.28394
0.61539
0.77949
0.95485
0.9196
0.38482
0.16264
0.79675
0.11382
0.15882
0.35583
0.84776
0.58278
0.58618
0.92584
0.57508
0.0099774
0.80938
0.60881
0.47991
0.26844
0.2581
0.48101
0.22734
0.048602
0.16924
0.25845
0.19791
0.60569
0.8237
0.81061
0.80224
0.70811
0.85938
0.78108
0.2038
0.99334
0.093625
0.65062
0.21518
0.24387
0.33969
0.19786
0.50683
0.95076
0.39461
0.58446
0.60654
0.71464
0.40154
0.85869
0.92048
0.75084
0.28559
0.79682
0.14277
0.50455
0.61069
0.7038
0.38334
0.72868
0.88728
0.055848
0.13822
0.86307
0.42175
0.41131
0.95914
0.75025
0.981
0.23352
0.096227
0.38458
0.50027
0.57026
0.97663
0.49286
0.40088
0.99499
0.261
0.66532
0.96426
0.67115
0.29917
0.53113
0.0014632
0.88379
0.40438
0.30121
0.95058
0.46065
0.28765
0.084627
0.58218
0.15307
0.073094
0.58056
0.28701
0.36192
0.72482
0.85831
0.34792
0.96175
0.95357
0.20604
0.76824
0.61553
0.91892
0.60254
0.70214
0.74367
0.3851
0.2515
0.03676
0.47212
0.64507
0.27897
0.51786
0.24567
0.29751
0.65047
0.89139
0.86111
0.20992
0.39909
0.88788
0.25653
0.9668
0.61916
0.16535
0.8262
0.65569
0.54645
0.25133
0.040156
0.23338
0.36111
0.63346
0.9861
0.20716
0.75708
0.88633
0.47223
0.15891
0.81092
0.47651
0.11629
0.87572
0.63519
0.097281
0.90844
0.035016
0.03975
0.98857
0.68618
0.37669
0.50432
0.7635
0.048875
0.72593
0.70133
0.45889
0.58229
0.33909
0.17063
0.39919
0.91978
0.22605
0.36101
0.32456
0.083582
0.51267
0.83286
0.90461
0.7236
0.383
0.29802
0.69171
0.88046
0.92455
0.081253
0.48267
0.12827
0.25291
0.88396
0.19628
0.12135
0.54369
0.31462
0.38204
0.79154
0.83918
0.68024
0.41692
0.64289
0.21408
0.61727
0.67519
0.60102
0.34631
0.3644
0.17148
0.79536
0.49267
0.35462
0.77506
0.2368
0.84483
0.81653
0.84623
0.37019
0.38323
0.86133
0.46391
0.57055
0.69531
0.96092
0.54631
0.63658
0.57089
0.92711
0.86377
0.16984
0.1787
0.2435
0.75178
0.19913
0.98294
0.70964
0.17544
0.8583
0.90941
0.96166
0.5706
0.56288
0.17666
0.51368
0.54847
0.16528
0.49389
0.53512
0.19881
0.62317
0.026315
0.31879
0.533
0.32677
0.60219
0.36193
0.13492
0.91381
0.64056
0.65877
0.67533
0.74456
0.84218
0.51666
0.15187
0.38066
0.82102
0.17136
0.32998
0.96647
0.80629
0.22219
0.99977
0.063739
0.42548
0.40434
0.40029
0.11192
0.42431
0.61355
0.98806
0.2199
0.35408
0.26624
0.2915
0.18839
0.02286
0.4494
0.24364
0.86873
0.52861
0.91414
0.97393
0.58543
0.11898
0.92653
0.59356
0.88362
0.42448
0.60726
0.070764
0.92477
0.64208
0.1045
0.70023
0.3958
0.084905
0.21448
0.2488
0.22665
0.703
0.75415
0.54729
0.55348
0.63057
0.98546
0.63428
0.60046
0.90919
0.57084
0.33542
0.95714
0.43992
0.60154
0.72026
0.67878
0.21276
0.081623
0.27448
0.86752
0.55936
0.46463
0.4303
0.77399
0.65392
0.65773
0.16102
0.43238
0.50509
0.37533
0.48037
0.34242
0.77715
0.38394
0.71156
0.48093
0.72918
0.93756
0.51725
0.90307
0.21819
0.87322
0.082693
0.4654
0.02193
0.80828
0.17921
0.16539
0.1816
0.69144
0.21376
0.2981
0.76834
0.50115
0.90946
0.057853
0.43675
0.57225
0.56507
0.82382
0.1261
0.30012
0.002122
0.95111
0.7663
0.7513
0.13886
0.34932
0.15134
0.49672
0.80865
0.63287
0.6884
0.63957
0.72932
0.85985
0.62696
0.18059
0.57331
0.16357
0.90605
0.077343
0.33853
0.58062
0.47524
0.80532
0.53078
0.22731
0.70948
0.14863
0.65812
0.63398
0.22931
0.18223
0.16635
0.14961
0.20275
0.95496
0.015908
0.95751
0.025692
0.97111
0.2976
0.52507
0.86234
0.8964
0.18901
0.66072
0.94123
0.97571
0.10794
0.1789
0.74655
0.049469
0.071285
0.48913
0.84989
0.99704
0.0043926
0.54261
0.86135
0.90914
0.84535
0.87887
0.74618
0.11749
0.50902
0.16883
0.83111
0.92801
0.16948
0.88374
0.38786
0.38257
0.27145
0.86788
0.7415
0.44787
0.70964
0.94433
0.17412
0.2446
0.64093
0.80861
0.85337
0.39812
0.11549
0.080281
0.36047
0.82891
0.21461
0.79104
0.65469
0.026146
0.78578
0.92256
0.49231
0.83401
0.13135
0.75978
0.92574
0.83271
0.2594
0.21302
0.52231
0.39736
0.47911
0.9939
0.60448
0.94491
0.49044
0.43795
0.77266
0.74407
0.4429
0.053
0.087822
0.79799
0.65558
0.032336
0.55707
0.7198
0.11041
0.21665
0.81102
0.13866
0.8819
0.92356
0.012756
0.37716
0.16781
0.54022
0.10166
0.039268
0.93323
0.97159
0.36093
0.64421
0.067947
0.20791
0.039604
0.46936
0.1501
0.99131
0.42706
0.95537
0.72425
0.58089
0.54026
0.70544
0.0050289
0.78252
0.92686
0.0082957
0.82463
0.76734
0.99714
0.22765
0.91954
0.642
0.10532
0.26816
0.76384
0.80551
0.10425
0.46976
0.21906
0.92271
0.32032
0.85754
0.25985
0.87806
0.18827
0.75919
0.031689
0.64234
0.56687
0.37641
0.21255
0.79216
0.14544
0.48914
0.012846
0.18661
0.48523
0.83823
0.14106
0.73222
0.69107
0.034493
0.48886
0.97139
0.11245
0.74321
0.63854
0.59418
0.49862
0.56785
0.4265
0.076239
0.29059
0.56134
0.63333
0.93078
0.97777
0.093597
0.66173
0.60277
0.47382
0.35626
0.47558
0.67102
0.95965
0.089084
0.79774
0.59078
0.9122
0.10113
0.29329
0.051588
0.50413
0.76838
0.28299
0.22536
0.33129
0.45325
0.73738
0.50989
0.38251
0.90548
0.96526
0.62827
0.13203
0.6183
0.38302
0.99119
0.28683
0.70619
0.53521
0.19321
0.68944
0.050455
0.18443
0.045658
0.88504
0.83979
0.11816
0.41041
0.12023
0.57209
0.94939
0.25639
0.98987
0.34981
0.20852
0.66583
0.97334
0.6227
0.063538
0.37351
0.16625
0.23128
0.052209
0.90176
0.79329
0.37301
0.83205
0.75383
0.62186
0.39409
0.35928
0.088852
0.34168
0.54867
0.46055
0.64545
0.51352
0.81443
0.097183
0.46371
0.58982
0.18717
0.61133
0.051942
0.57573
0.84234
0.49973
0.43902
0.14906
0.028279
0.75667
0.79611
0.29356
0.11521
0.37509
0.82889
0.84178
0.66524
0.96014
0.94312
0.1127
0.64829
0.4808
0.066521
0.89777
0.49723
0.7713
0.060362
0.26246
0.65107
0.1336
0.63855
0.38494
0.7657
0.65292
0.38149
0.30002
0.34014
0.91893
0.45627
0.4425
0.45419
0.94528
0.21912
0.8824
0.019875
0.34176
0.76603
0.3428
0.61881
0.45302
0.010163
0.59908
0.60157
0.64942
0.34272
0.4933
0.70177
0.8878
0.055058
0.098362
0.64978
0.76407
0.98796
0.12532
0.36448
0.67623
0.37576
0.86346
0.29198
0.13347
0.67265
0.20258
0.86852
0.75116
0.41938
0.00023107
0.14946
0.27383
0.87243
0.60125
0.32119
0.28429
0.43532
0.90376
0.92511
0.50529
0.62758
0.71926
0.023913
0.57493
0.046534
0.42253
0.46773
0.022628
0.065074
0.92396
0.53414
0.3668
0.36395
0.15137
0.14961
0.3508
0.33597
0.78403
0.48674
0.4648
0.13125
0.88639
0.67456
0.83516
0.65649
0.98392
0.97979
0.25015
0.62457
0.72824
0.49817
0.84983
0.19092
0.12414
0.0027904
0.15295
0.53416
0.51063
0.38522
0.3106
0.0035554
0.81524
0.63842
0.44834
0.24409
0.80339
0.82397
0.85219
0.46725
0.9707
0.84124
0.078548
0.2376
0.81757
0.40583
0.46631
0.95154
0.96501
0.76528
0.57453
0.91593
0.49543
0.16601
0.326
0.29644
0.5583
0.067477
0.068978
0.16678
0.94744
0.81109
0.71046
0.97025
0.99843
0.98745
0.15009
0.95848
0.53046
0.074087
0.31182
0.89517
0.83477
0.0023488
0.64021
0.80318
0.24513
0.064122
0.26315
0.10272
0.48372
0.41888
0.38129
0.88677
0.42056
0.28385
0.048181
0.21917
0.23918
0.029258
0.70231
0.0076356
0.61092
0.40809
0.24895
0.65246
0.32028
0.10367
0.53556
0.16487
0.88344
0.66646
0.84774
0.76266
0.80701
0.63295
0.71043
0.68866
0.32095
0.53165
0.87319
0.05454
0.5004
0.43276
0.90428
0.63018
0.98304
0.5852
0.84064
0.46881
0.54522
0.1791
0.63446
0.96296
0.53401
0.47961
0.79367
0.092714
0.8808
0.0038735
0.51153
0.67846
0.56575
0.47846
0.32051
0.60158
0.91315
0.68252
0.94673
0.099089
0.51103
0.11013
0.54526
0.68879
0.14742
0.77756
0.39905
0.8983
0.30704
0.061051
0.21947
0.082833
0.9504
0.016371
0.11467
0.01241
0.21623
0.011428
0.64245
0.51699
0.24554
0.19375
0.090871
0.36844
0.0077929
0.6027
0.47885
0.30812
0.74444
0.83935
0.26243
0.51424
0.44677
0.34121
0.83914
0.98249
0.62646
0.18128
0.12302
0.57997
0.32854
0.26819
0.55024
0.18052
0.67849
0.055688
0.034057
0.28652
0.07739
0.90057
0.84661
0.3957
0.16922
0.43045
0.41622
0.72876
0.40647
0.95181
0.91199
0.95141
0.346
0.29024
0.8867
0.21003
0.13088
0.52052
0.90546
0.40253
0.21576
0.078739
0.93306
0.60287
0.37749
0.66493
0.79219
0.33349
0.69266
0.20382
0.95871
0.71183
0.16691
0.44278
0.63299
0.92997
0.52933
0.62647
0.68082
0.9232
0.15283
0.40572
0.31248
0.6939
0.89069
0.49067
0.80582
0.32644
0.54988
0.38878
0.89683
0.67612
0.8284
0.11009
0.27923
0.76764
0.21606
0.034062
0.43655
0.93686
0.26209
0.56975
0.35955
0.026839
0.50042
0.82701
0.25898
0.045885
0.24647
0.66073
0.32941
0.6595
0.013004
0.71807
0.39112
0.033505
0.40602
0.71631
0.92134
0.98402
0.98342
0.89631
0.8657
0.80096
0.55498
0.41887
0.12712
0.65462
0.86396
0.2746
0.84016
0.070755
0.37879
0.26817
0.15292
0.631
0.31637
0.95911
0.49867
0.73861
0.012756
0.60535
0.57645
0.80738
0.65497
0.87823
0.90237
0.15223
0.19258
0.79098
0.060705
0.38983
0.29997
0.73418
0.10421
0.79258
0.78273
0.5324
0.25335
0.070955
0.6258
0.024681
0.062042
0.12961
0.45061
0.67234
0.85611
0.49845
0.048785
0.31383
0.64163
0.78639
0.28915
0.49787
0.81843
0.59513
0.53642
0.33087
0.41169
0.79401
0.34321
0.46261
0.36782
0.67957
0.56778
0.65178
0.49111
0.39846
0.47748
0.066588
0.41103
0.96909
0.78072
0.72902
0.76565
0.75658
0.84327
0.77016
0.97866
0.11136
0.39608
0.49206
0.25809
0.036966
0.97438
0.72643
0.14796
0.14789
0.70482
0.38099
0.076411
0.41084
0.14299
0.79892
0.93025
0.0047195
0.65004
0.67853
0.25362
0.84318
0.29396
0.02686
0.093307
0.79789
0.7114
0.78341
0.62392
0.82542
0.035023
0.40547
0.24967
0.4809
0.88084
0.28068
0.59914
0.026226
0.1552
0.83391
0.19489
0.82979
0.33807
0.67112
0.052366
0.73431
0.49948
0.9433
0.28977
0.37656
0.11376
0.96485
0.43251
0.084563
0.71668
0.50679
0.32809
0.75352
0.83601
0.25372
0.53443
0.43517
0.1577
0.60048
0.93745
0.10776
0.89998
0.55046
0.42736
0.15238
0.24755
0.44737
0.53278
0.35465
0.77311
0.88168
0.73409
0.40643
0.60418
0.64111
0.12747
0.49619
0.31047
0.57857
0.94361
0.42694
0.033128
0.92943
0.92498
0.35831
0.25999
0.78686
0.51158
0.56253
0.68479
0.092397
0.87258
0.94294
0.096594
0.84588
0.9094
0.011341
0.52368
0.65035
0.38515
0.6493
0.76285
0.57569
0.63192
0.2782
0.83984
0.42683
0.63162
0.83347
0.27019
0.4008
0.55425
0.44387
0.090384
0.74438
0.032615
0.42974
0.037262
0.9758
0.52234
0.90963
0.38325
0.88445
0.25502
0.90905
0.89456
0.39852
0.62502
0.5676
0.89451
0.21417
0.0038592
0.88058
0.23512
0.24486
0.64092
0.30452
0.82562
0.88369
0.94537
0.3908
0.80132
0.15711
0.62517
0.69899
0.085869
0.53118
0.88857
0.26367
0.23479
0.83966
0.49554
0.15237
0.23077
0.65795
0.56295
0.29183
0.6223
0.71591
0.28073
0.41227
0.36221
0.78139
0.13549
0.90207
0.28964
0.49956
0.78359
0.67706
0.14981
0.69662
0.12901
0.94595
0.88641
0.515
0.67941
0.97679
0.12546
0.75224
0.82705
0.78143
0.19088
0.42864
0.014457
0.32529
0.1347
0.45052
0.57227
0.79202
0.41974
0.53254
0.9257
0.89908
0.54483
0.90112
0.051827
0.8086
0.3349
0.22868
0.8224
0.34823
0.16547
0.028134
0.95537
0.68029
0.86056
0.93909
0.68019
0.91742
0.25669
0.88562
0.92004
0.30006
0.073391
0.7674
0.084952
0.72876
0.44789
0.65125
0.1695
0.53145
0.6338
0.014096
0.47037
0.88633
0.11403
0.44254
0.65955
0.29477
0.95037
0.69429
0.20681
0.55476
0.87928
0.55786
0.75233
0.8949
0.84184
0.13086
0.18915
0.15364
0.028902
0.0090849
0.59645
0.60905
0.91892
0.73357
0.30115
0.49557
0.25816
0.73285
0.11676
0.74604
0.80979
0.74523
0.33714
0.58432
0.46895
0.087265
0.82872
0.68594
0.26733
0.96948
0.18377
0.29994
0.41118
0.23649
0.19506
0.70538
0.18055
0.52233
0.29617
0.46278
0.92523
0.21589
0.0010089
0.90661
0.68004
0.51495
0.52207
0.10292
0.99688
0.35897
0.62524
0.39337
0.0076624
0.54528
0.50911
0.24678
0.045395
0.84173
0.04825
0.31632
0.78342
0.9724
0.58646
0.77804
0.7277
0.65099
0.66462
0.93878
0.53508
0.39844
0.67046
0.44053
0.13287
0.4392
0.54764
0.39514
0.39827
0.75135
0.52235
0.49043
0.088679
0.25085
0.44756
0.63796
0.70945
0.99262
0.93219
0.092229
0.95354
0.1628
0.97046
0.59701
0.24023
0.070295
0.30004
0.81354
0.07671
0.35447
0.13201
0.15818
0.062147
0.70184
0.086482
0.61679
0.17377
0.6514
0.4987
0.28451
0.83056
0.81836
0.93817
0.0003261
0.64039
0.0073557
0.10642
0.10679
0.36711
0.23961
0.34614
0.24962
0.38706
0.42104
0.64008
0.78755
0.26999
0.84398
0.74047
0.8261
0.18219
0.065436
0.61035
0.70155
0.11162
0.095824
0.59783
0.81223
0.81458
0.089437
0.73128
0.90386
0.45223
0.070688
0.24128
0.73187
0.040492
0.42452
0.54022
0.95383
0.20891
0.11633
0.64622
0.10841
0.9835
0.24834
0.60636
0.8167
0.83005
0.48904
0.76073
0.91511
0.90097
0.21424
0.54706
0.78471
0.19444
0.74689
0.47556
0.58326
0.26055
0.084822
0.29813
0.91713
0.47052
0.26947
0.76297
0.77217
0.0213
0.87999
0.79817
0.32417
0.66904
0.29629
0.92995
0.28196
0.16888
0.74517
0.47713
0.65344
0.96658
0.31303
0.076439
0.79142
0.36538
0.5851
0.18334
0.076919
0.15366
0.82688
0.30096
0.38388
0.65075
0.81737
0.76627
0.37418
0.18986
0.6465
0.0036053
0.28289
0.6386
0.59207
0.32529
0.98895
0.12324
0.73588
0.15662
0.43465
0.83224
0.35991
0.076238
0.55693
0.27393
0.13205
0.69965
0.4859
0.18272
0.10121
0.20158
0.13475
0.32379
0.95055
0.53213
0.24769
0.43728
0.66909
0.5477
0.60905
0.86313
0.3807
0.74896
0.1567
0.058124
0.33971
0.81718
0.37755
0.9726
0.60532
0.33824
0.92798
0.89842
0.85071
0.25679
0.2855
0.77995
0.7014
0.49251
0.96767
0.47616
0.99491
0.49058
0.50345
0.76877
0.38808
0.45326
0.13285
0.75851
0.56524
0.64864
0.79806
0.22045
0.85789
0.90473
0.29202
0.72587
0.33945
0.27268
0.17027
0.66402
0.53585
0.82911
0.26736
0.17616
0.43119
0.47566
0.78522
0.13065
0.051356
0.62751
0.029088
0.13619
0.69456
0.51568
0.54258
0.80848
0.79369
0.50187
0.27663
0.11966
0.8866
0.97029
0.94253
0.63813
0.09059
0.074708
0.18245
0.031688
0.72494
0.14416
0.63593
0.78985
0.56625
0.37741
0.82159
0.30488
0.31937
0.78498
0.50374
0.261
0.73248
0.16295
0.92108
0.22222
0.083609
0.073702
0.76955
0.81768
0.74043
0.75825
0.96119
0.46642
0.787
0.42257
0.94373
0.0013144
0.98127
0.57019
0.34647
0.5575
0.29978
0.15907
0.66526
0.6842
0.79241
0.34862
0.25007
0.345
0.32863
0.92749
0.75607
0.28824
0.60618
0.76603
0.84615
0.90198
0.59571
0.068536
0.21804
0.86941
0.41422
0.66121
0.78348
0.24789
0.55443
0.22959
0.0069128
0.76664
0.021833
0.3931
0.25254
0.20422
0.66228
0.91474
0.0069025
0.74642
0.79967
0.9078
0.97457
0.11986
0.51897
0.82197
0.63702
0.95391
0.94693
0.96661
0.067344
0.43753
0.32084
0.13405
0.13459
0.80595
0.52476
0.94426
0.98834
0.40989
0.37119
0.22685
0.44603
0.26622
0.4591
0.43291
0.25962
0.13371
0.41923
0.50686
0.32432
0.68469
0.44309
0.43566
0.79302
0.81556
0.75211
0.78926
0.50127
0.55518
0.63075
0.097989
0.24568
0.61573
0.30496
0.76697
0.26723
0.039506
0.29656
0.55636
0.96907
0.68912
0.71788
0.55903
0.53335
0.87572
0.3931
0.45807
0.20825
0.75727
0.54669
0.35739
0.701
0.10922
0.0066108
0.5973
0.65918
0.58001
0.90995
0.63601
0.52556
0.25962
0.051171
0.73195
0.16429
0.2804
0.25943
0.5471
0.54127
0.78811
0.86961
0.78754
0.96943
0.18047
0.9306
0.045152
0.24065
0.008855
0.67159
0.90481
0.57242
0.15546
0.50237
0.56773
0.18827
0.3242
0.71604
0.55293
0.14228
0.38036
0.39657
0.57674
0.019402
0.57758
0.9322
0.10687
0.73215
0.97052
0.60889
0.71967
0.30275
0.45902
0.048029
0.38535
0.36172
0.28758
0.81671
0.45053
0.80663
0.79017
0.28296
0.068309
0.054931
0.63752
0.42429
0.90553
0.41732
0.15406
0.54
0.93709
0.66096
0.39466
0.25899
0.84791
0.94506
0.377
0.06728
0.18158
0.57575
0.18589
0.29145
0.46166
0.34698
0.31817
0.45991
0.23589
0.027752
0.65845
0.1588
0.80266
0.40858
0.32739
0.74601
0.74635
0.17395
0.11754
0.17404
0.62741
0.84189
0.51008
0.16576
0.71431
0.90704
0.21854
0.87096
0.21184
0.83666
0.8593
0.52338
0.47736
0.88988
0.065076
0.50946
0.6208
0.73357
0.23
0.021872
0.13899
0.76951
0.96977
0.38679
0.99343
0.32639
0.13716
0.38475
0.56264
0.63384
0.54161
0.31499
0.15933
0.15262
0.13695
0.7098
0.46486
0.11327
0.70088
0.17999
0.80367
0.51396
0.54844
0.20784
0.78459
0.52649
0.57102
0.42204
0.72116
0.073138
0.59486
0.86198
0.4488
0.65258
0.30347
0.60744
0.2789
0.79956
0.79617
0.95409
0.44434
0.45688
0.59982
0.84262
0.0312
0.18727
0.94359
0.94792
0.45298
0.81083
0.92888
0.67272
0.37233
0.4057
0.43882
0.67865
0.46507
0.95326
0.3547
0.33902
0.89586
0.54543
0.74928
0.12488
0.45323
0.074749
0.66334
0.70365
0.91895
0.66007
0.6901
0.85372
0.4679
0.45848
0.8061
0.82477
0.19044
0.025673
0.056815
0.14294
0.17142
0.62584
0.029515
0.47233
0.67844
0.11479
0.23606
0.28908
0.17276
0.32371
0.80111
0.29963
0.77563
0.55277
0.55469
0.73065
0.77362
0.90085
0.13817
0.79408
0.18941
0.028974
0.12739
0.13374
0.12831
0.93526
0.27323
0.94268
0.63815
0.87253
0.36707
0.2362
0.18732
0.54565
0.25512
0.30582
0.015549
0.58749
0.96256
0.84985
0.0079403
0.63403
0.35929
0.11406
0.54082
0.41642
0.5171
0.88612
0.1494
0.43468
0.059039
0.38103
0.72237
0.095119
0.66719
0.2964
0.59856
0.15185
0.43638
0.012682
0.22902
0.26368
0.51139
0.21508
0.34611
0.74782
0.41362
0.055753
0.39003
0.47448
0.82532
0.30364
0.82179
0.56568
0.054382
0.26001
0.5891
0.47973
0.19865
0.23901
0.78019
0.61731
0.14413
0.71613
0.40151
0.46239
0.70728
0.40121
0.014385
0.07464
0.59107
0.446
0.92662
0.094893
0.37542
0.546
0.11168
0.90446
0.63328
0.90541
0.63055
0.014228
0.31648
0.11187
0.62946
0.060709
0.67399
0.47744
0.30555
0.51633
0.70703
0.81361
0.31581
0.3113
0.34498
0.6663
0.86107
0.76178
0.87584
0.87124
0.17279
0.85022
0.95959
0.77021
0.87502
0.067413
0.64679
0.3241
0.64035
0.87975
0.37364
0.76674
0.16809
0.51972
0.62746
0.71391
0.3064
0.26369
0.916
0.61503
0.093175
0.6277
0.19203
0.77696
0.8645
0.33358
0.13541
0.76547
0.31861
0.25238
0.20007
0.06901
0.55191
0.40381
0.75012
0.48718
0.38479
0.061409
0.21369
0.54387
0.41064
0.90096
0.05629
0.44351
0.53781
0.13406
0.54095
0.85737
0.19802
0.15561
0.061378
0.66107
0.018603
0.2911
0.97382
0.76464
0.24368
0.68212
0.13785
0.62981
0.85701
0.8998
0.34837
0.48631
0.67952
0.70412
0.46088
0.36427
0.28027
0.076204
0.44462
0.16571
0.39875
0.92058
0.51133
0.91414
0.091934
0.99304
0.096434
0.31315
0.78538
0.6024
0.46591
0.29813
0.13317
0.29501
0.16663
0.3171
0.10984
0.83209
0.97159
0.21827
0.70608
0.039014
0.6163
0.66936
0.037202
0.0033346
0.14246
0.86241
0.27604
0.53169
0.52222
0.56762
0.33303
0.41342
0.41435
0.98392
0.057739
0.39654
0.79132
0.59419
0.30956
0.9018
0.093127
0.31903
0.88696
0.65743
0.68452
0.47395
0.14124
0.95092
0.88263
0.43744
0.83496
0.32514
0.36764
0.79484
0.099309
0.95178
0.0014739
0.2954
0.048455
0.44274
0.78985
0.91352
0.53325
0.80408
0.56266
0.75088
0.0092304
0.47678
0.25033
0.30792
0.96695
0.2088
0.52048
0.22555
0.5672
0.99816
0.13187
0.95468
0.12388
0.18624
0.6465
0.12817
0.081321
0.65923
0.027399
0.98518
0.53933
0.37383
0.70673
0.94741
0.38228
0.69291
0.60207
0.77526
0.59183
0.37618
0.85065
0.22574
0.79696
0.99688
0.28131
0.71038
0.66464
0.41484
0.49827
0.94912
0.95318
0.73292
0.38468
0.040083
0.58293
0.56471
0.35518
0.8802
0.62453
0.62402
0.29574
0.07468
0.29371
0.23474
0.3459
0.84849
0.16036
0.15786
0.50866
0.6033
0.1614
0.63545
0.84394
0.78227
0.26457
0.3147
0.1832
0.44747
0.32668
0.27982
0.93176
0.39969
0.37942
0.59285
0.068507
0.20524
0.72362
0.57515
0.20023
0.84348
0.42373
0.54475
0.52797
0.18511
0.08169
0.46409
0.030555
0.43498
0.55786
0.63878
0.034217
0.7099
0.16932
0.59338
0.60806
0.77236
0.056274
0.85473
0.38428
0.39962
0.32542
0.55539
0.29542
0.36612
0.34905
0.63022
0.66444
0.9921
0.94436
0.35035
0.193
0.91958
0.28869
0.55086
0.91932
0.090049
0.2577
0.42705
0.57772
0.89952
0.21823
0.96703
0.43398
0.78482
0.52523
0.33128
0.43159
0.7179
0.91621
0.89003
0.13471
0.11991
0.89345
0.65309
0.040278
0.50472
0.89445
0.38573
0.29205
0.23404
0.20095
0.38031
0.59479
0.26839
0.62244
0.80457
0.10397
0.72924
0.64859
0.47465
0.93291
0.096444
0.59911
0.23356
0.032328
0.57986
0.8422
0.5569
0.83988
0.20495
0.62125
0.17402
0.28954
0.018503
0.7015
0.95209
0.74901
0.75673
0.54209
0.28206
0.24487
0.28632
0.96313
0.2307
0.53732
0.20501
0.43404
0.14221
0.37558
0.79356
0.81282
0.90379
0.54038
0.81786
0.70842
0.043209
0.14595
0.23334
0.2467
0.17028
0.23506
0.27546
0.95161
0.34667
0.29732
0.40443
0.30224
0.75731
0.35974
0.1249
0.61718
0.35552
0.36294
0.068488
0.86716
0.4579
0.077615
0.90492
0.2817
0.61388
0.66186
0.20002
0.95999
0.66511
0.5413
0.86897
0.55705
0.021398
0.48268
0.80799
0.73601
0.5723
0.0089849
0.71828
0.44943
0.65962
0.75321
0.80474
0.029156
0.77982
0.56735
0.076117
0.25162
0.13345
0.56447
0.54098
0.068921
0.98843
0.2511
0.31547
0.30066
0.042039
0.5279
0.25602
0.40871
0.94751
0.91928
0.12124
0.59194
0.35965
0.71931
0.52355
0.26084
0.49308
0.85584
0.72441
0.19911
0.15729
0.37048
0.86227
0.68476
0.6342
0.14132
0.079302
0.87615
0.42043
0.48766
0.46033
0.51568
0.27199
0.23158
0.89953
0.9087
0.60364
0.36524
0.59859
0.66849
0.89456
0.087336
0.53901
0.42845
0.61715
0.55888
0.22585
0.10452
0.0099777
0.059153
0.32265
0.77948
0.33548
0.61957
0.99289
0.64801
0.53978
0.23225
0.73983
0.88899
0.85981
0.59706
0.65475
0.91501
0.43318
0.28976
0.63188
0.29542
0.62203
0.047534
0.99461
0.20676
0.60736
0.34763
0.71774
0.027993
0.066842
0.92706
0.087772
0.3324
0.52618
0.24664
0.5429
0.78087
0.52188
0.93195
0.14711
0.41677
0.28029
0.5981
0.036475
0.063687
0.32288
0.098379
0.17004
0.37116
0.039762
0.70924
0.64134
0.17406
0.062152
0.40666
0.46306
0.20267
0.86955
0.59794
0.023014
0.89943
0.45295
0.058026
0.10627
0.99843
0.86633
0.61521
0.026944
0.32252
0.46378
0.099017
0.57099
0.32588
0.45049
0.57784
0.074844
0.057343
0.30096
0.52172
0.56188
0.24155
0.91272
0.82573
0.44455
0.98206
0.57827
0.23442
0.81059
0.45127
0.24997
0.95544
0.14265
0.51256
0.97193
0.64832
0.61467
0.46965
0.57778
0.91131
0.37622
0.22876
0.42352
0.2736
0.44457
0.62752
0.53464
0.38544
0.87345
0.30035
0.40003
0.51772
0.061825
0.23137
0.11849
0.09878
0.89028
0.033389
0.83903
0.50727
0.11372
0.49045
0.59944
0.090216
0.97822
0.65302
0.46113
0.86376
0.26283
0.82396
0.32898
0.9413
0.24411
0.95711
0.51082
0.56458
0.99372
0.77098
0.3138
0.057873
0.044074
0.81294
0.41207
0.38416
0.52313
0.89215
0.40592
0.60439
0.094804
0.33598
0.14484
0.24488
0.37897
0.27032
0.2156
0.63373
0.79972
0.20851
0.89626
0.74571
0.53639
0.96997
0.56488
0.21769
0.85776
0.862
0.3133
0.32698
0.84001
0.49253
0.051902
0.77802
0.42667
0.27996
0.33351
0.36694
0.79479
0.038691
0.72667
0.87268
0.28581
0.65685
0.23189
0.62195
0.075124
0.96676
0.60997
0.38372
0.03057
0.85757
0.60354
0.84784
0.50462
0.0079108
0.91907
0.4107
0.73237
0.15111
0.81523
0.9096
0.77794
0.75712
0.4052
0.7019
0.56546
0.58474
0.34491
0.70423
0.16086
0.0015139
0.562
0.54648
0.55083
0.69454
0.92749
0.94421
0.90326
0.60411
0.92621
0.11695
0.3408
0.03673
0.53837
0.73723
0.18122
0.42625
0.098168
0.30322
0.78012
0.53696
0.76907
0.63894
0.89315
0.06069
0.17577
0.41633
0.73979
0.89295
0.025853
0.13756
0.42409
0.76457
0.52444
0.75448
0.1698
0.67273
0.61865
0.0068461
0.74023
0.99174
0.12818
0.36058
0.19107
0.7144
0.17787
0.98685
0.016999
0.039796
0.80433
0.85979
0.56625
0.75411
0.51951
0.5859
0.19073
0.50344
0.050915
0.056096
0.3352
0.6309
0.89198
0.6734
0.68527
0.69574
0.79983
0.66061
0.51994
0.33174
0.93417
0.24648
0.51121
0.74032
0.25417
0.84558
0.53815
0.91014
0.35071
0.93532
0.92772
0.5877
0.10176
0.36688
0.27585
0.2661
0.22654
0.0013208
0.89301
0.4535
0.57842
0.31561
0.99402
0.98389
0.96455
0.66627
0.72616
0.33404
0.52277
0.27335
0.71838
0.77802
0.081064
0.22158
0.20396
0.6241
0.72521
0.83436
0.018895
0.20212
0.46909
0.3784
0.34039
0.063851
0.76134
0.40266
0.67429
0.55108
0.051457
0.3075
0.96544
0.93148
0.37803
0.61767
0.56253
0.83056
0.9577
0.075506
0.88802
0.56245
0.19436
0.22145
0.70576
0.59676
0.5863
0.96849
0.58174
0.0998
0.1666
0.10209
0.14625
0.67156
0.63985
0.37244
0.16287
0.38952
0.79998
0.39979
0.75512
0.29521
0.64001
0.88512
0.20964
0.48036
0.11299
0.13237
0.064002
0.079297
0.62695
0.41133
0.63859
0.85656
0.76358
0.97616
0.78154
0.93558
0.73915
0.25362
0.71925
0.69351
0.77332
0.74722
0.31838
0.51043
0.77307
0.57282
0.95385
0.17157
0.90724
0.75222
0.28618
0.62741
0.46283
0.12944
0.54938
0.96951
0.44214
0.59096
0.11097
0.19985
0.16296
0.036877
0.27272
0.23013
0.35854
0.13434
0.99859
0.51352
0.38785
0.24985
0.36475
0.39906
0.9263
0.49547
0.60919
0.0048085
0.58773
0.77746
0.65718
0.52831
0.82577
0.96243
0.31374
0.79709
0.28518
0.014895
0.09415
0.32872
0.30557
0.018022
0.16221
0.44399
0.76677
0.68126
0.71454
0.45978
0.91927
0.98894
0.9326
0.46152
0.90492
0.38645
0.60302
0.56032
0.84584
0.2848
0.66332
0.60226
0.65646
0.30993
0.33164
0.1882
0.10068
0.28656
0.35483
0.53576
0.99083
0.028178
0.70953
0.90516
0.86583
0.11917
0.95528
0.4409
0.87576
0.86495
0.35515
0.63115
0.86455
0.020992
0.07682
0.37671
0.14919
0.034097
0.78225
0.32725
0.81748
0.17362
0.67612
0.8756
0.75716
0.22963
0.35894
0.36316
0.26744
0.3373
0.086961
0.45156
0.45466
0.029036
0.6371
0.059459
0.1692
0.68468
0.55457
0.0060358
0.28809
0.37661
0.14649
0.074534
0.46074
0.37039
0.82456
0.53754
0.81752
0.46038
0.014034
0.0049832
0.16623
0.36594
0.71821
0.15942
0.27877
0.64494
0.2872
0.32193
0.15542
0.38766
0.89573
0.88777
0.39361
0.67546
0.25221
0.94999
0.62468
0.20695
0.10966
0.56585
0.27433
0.071165
0.15845
0.04952
0.68088
0.78176
0.80737
0.26505
0.8959
0.60799
0.014401
0.34403
0.53366
0.62776
0.44674
0.81111
0.14483
0.97483
0.83376
0.3401
0.61624
0.30376
0.089219
0.52153
0.82529
0.76393
0.94764
0.33355
0.38974
0.15041
0.3337
0.55368
0.55029
0.16042
0.11709
0.39855
0.83138
0.185
0.50079
0.12631
0.86463
0.76665
0.56435
0.38957
0.49014
0.8869
0.90505
0.49839
0.52923
0.9097
0.5786
0.77579
0.66139
0.46966
0.21977
0.60259
0.18426
0.19751
0.86199
0.12565
0.64558
0.43732
0.61261
0.73748
0.30328
0.042968
0.83551
0.36931
0.66134
0.89572
0.2741
0.9979
0.83435
0.79134
0.65661
0.54367
0.38668
0.82223
0.59533
0.78164
0.98767
0.78825
0.85292
0.48561
0.87376
0.33385
0.20532
0.49436
0.031209
0.82757
0.26426
0.6775
0.79386
0.68184
0.65076
0.23734
0.4774
0.93642
0.2411
0.20911
0.27247
0.77582
0.33141
0.60307
0.18401
0.087459
0.30892
0.23088
0.90919
0.93688
0.031879
0.59365
0.043818
0.4249
0.52158
0.84034
0.62503
0.2552
0.90469
0.7673
0.56267
0.89715
0.36808
0.33773
0.61886
0.086895
0.3755
0.18738
0.81053
0.72325
0.67467
0.91398
0.82096
0.54872
0.015542
0.094686
0.51476
0.95248
0.84306
0.93501
0.97341
0.37253
0.3209
0.78325
0.21222
0.95915
0.93023
0.36573
0.34491
0.69268
0.7166
0.80034
0.59367
0.097175
0.55951
0.04309
0.75763
0.65965
0.59946
0.22699
0.71371
0.7245
0.34422
0.032751
0.84362
0.7703
0.50965
0.70696
0.79117
0.33067
0.91368
0.5767
0.28791
0.26686
0.89018
0.3661
0.15002
0.94633
0.65084
0.98221
0.19383
0.82874
0.4938
0.59078
0.044891
0.56446
0.63354
0.4981
0.059624
0.51516
0.053195
0.84363
0.59467
0.69102
0.64723
0.62344
0.95386
0.17694
0.47491
0.8424
0.49696
0.7624
0.17988
0.69162
0.91442
0.16266
0.4281
0.041852
0.22575
0.66615
0.87134
0.34473
0.027252
0.90528
0.47106
0.91046
0.32798
0.6911
0.017448
0.51235
0.33181
0.33611
0.95335
0.75051
0.33392
0.63283
0.41555
0.5765
0.9595
0.61585
0.15058
0.83827
0.72617
0.10885
0.16135
0.29701
0.42358
0.52841
0.2751
0.82796
0.79278
0.27375
0.61569
0.10155
0.66996
0.3474
0.6695
0.2953
0.68043
0.39377
0.39182
0.20696
0.72452
0.81931
0.92647
0.51412
0.19314
0.6029
0.19818
0.41039
0.85307
0.42908
0.92566
0.37308
0.69825
0.58863
0.10087
0.4124
0.92471
0.05555
0.38405
0.24064
0.22781
0.35712
0.9241
0.5025
0.80324
0.35027
0.45868
0.9511
0.13298
0.070307
0.70608
0.9317
0.1089
0.6517
0.14606
0.69396
0.62561
0.043723
0.79792
0.98621
0.43674
0.34475
0.048806
0.2252
0.58101
0.60138
0.25252
0.65434
0.060096
0.94051
0.092531
0.33398
0.65105
0.50391
0.53093
0.37912
0.76891
0.28251
0.64927
0.92218
0.33067
0.81344
0.78764
0.12432
0.15739
0.415
0.68733
0.6577
0.67998
0.0093867
0.12861
0.76391
0.84192
0.74695
0.94452
0.91971
0.22307
0.50977
0.78774
0.52245
0.61739
0.55824
0.73099
0.063402
0.49279
0.22992
0.33739
0.55164
0.74369
0.41231
0.50762
0.12897
0.21484
0.29283
0.44997
0.24028
0.26326
0.89158
0.58614
0.93867
0.61808
0.25072
0.10254
0.54636
0.44265
0.69151
0.75944
0.39942
0.56741
0.20558
0.94353
0.51281
0.27625
0.22914
0.95293
0.68942
0.70787
0.65692
0.77897
0.58047
0.50323
0.87873
0.39295
0.24264
0.28163
0.90477
0.70268
0.85306
0.37868
0.63302
0.031557
0.92003
0.46975
0.5199
0.76631
0.33622
0.62599
0.3269
0.31111
0.64608
0.43369
0.10289
0.23615
0.97178
0.6989
0.65945
0.3261
0.019822
0.57047
0.036335
0.26474
0.19066
0.4493
0.76866
0.62794
0.3147
0.29204
0.078238
0.17194
0.72128
0.089449
0.91781
0.42968
0.079723
0.57214
0.83177
0.34737
0.77989
0.70834
0.59094
0.37699
0.39383
0.42831
0.42303
0.21892
0.49676
0.03987
0.56482
0.049143
0.87228
0.86002
0.33826
0.97403
0.95478
0.98862
0.15772
0.0029184
0.24818
0.34629
0.23334
0.75589
0.22593
0.44844
0.25944
0.34579
0.90295
0.012701
0.13222
0.38806
0.84062
0.21327
0.93523
0.9698
0.37526
0.98486
0.12209
0.76096
0.57936
0.62116
0.4899
0.22045
0.14413
0.63518
0.80242
0.66964
0.4716
0.94448
0.59148
0.22675
0.68384
0.32064
0.74892
0.99814
0.26973
0.93187
0.69639
0.095259
0.24587
0.93466
0.47978
0.88253
0.7793
0.018284
0.77076
0.6858
0.86767
0.58051
0.6261
0.11115
0.21369
0.03637
0.44454
0.32658
0.28729
0.49645
0.18171
0.93379
0.94018
0.59146
0.00080862
0.90301
0.68289
0.073851
0.99638
0.31446
0.80922
0.46145
0.58714
0.4776
0.55245
0.17532
0.58724
0.1548
0.44545
0.53762
0.4619
0.83411
0.99617
0.97224
0.74593
0.19996
0.036329
0.1886
0.57755
0.62827
0.36477
0.63656
0.89129
0.25352
0.28636
0.12542
0.52857
0.82077
0.29978
0.78768
0.43701
0.55054
0.98611
0.68978
0.97014
0.095966
0.89809
0.058443
0.12332
0.63073
0.3701
0.31957
0.79569
0.3017
0.60746
0.46197
0.29259
0.83242
0.57053
0.070508
0.26631
0.17087
0.56031
0.20209
0.49237
0.72937
0.955
0.76237
0.080068
0.93825
0.97447
0.60711
0.95749
0.33065
0.90122
0.00036562
0.48328
0.14747
0.31499
0.17138
0.59291
0.65761
0.34896
0.053693
0.047168
0.055858
0.071512
0.015676
0.97368
0.7348
0.75239
0.033314
0.11761
0.2613
0.89336
0.97206
0.99407
0.34679
0.2923
0.18725
0.74315
0.71802
0.18889
0.43394
0.045593
0.65547
0.78104
0.8629
0.78535
0.43349
0.34782
0.055389
0.81944
0.10604
0.006074
0.27504
0.94277
0.67426
0.38566
0.85695
0.67482
0.6081
0.43943
0.96129
0.82291
0.010499
0.14162
0.48281
0.58062
0.29299
0.43887
0.39827
0.13731
0.95276
0.36004
0.83698
0.041336
0.42383
0.075638
0.31381
0.94598
0.8545
0.17353
0.53588
0.29489
0.90287
0.081387
0.78747
0.17441
0.71999
0.23201
0.20714
0.21613
0.97667
0.38185
0.63529
0.046564
0.23207
0.87484
0.46014
0.0030636
0.46494
0.82407
0.87189
0.30107
0.23601
0.83158
0.43775
0.50709
0.18547
0.1515
0.90681
0.99275
0.39008
0.82681
0.95406
0.89384
0.84101
0.68328
0.1718
0.23755
0.43429
0.025062
0.26865
0.98016
0.31269
0.57175
0.61166
0.90154
0.39604
0.69277
0.20449
0.062853
0.62239
0.68802
0.29679
0.57156
0.31622
0.8095
0.3655
0.69879
0.63343
0.96458
0.2008
0.59818
0.083703
0.54441
0.84615
0.040698
0.32936
0.70935
0.86031
0.5009
0.99476
0.42864
0.26735
0.47295
0.16085
0.1589
0.26834
0.75712
0.60917
0.96693
0.77332
0.57286
0.45022
0.28706
0.75239
0.094358
0.10679
0.73489
0.35459
0.58063
0.29886
0.71368
0.36049
0.71846
0.99532
0.0837
0.46821
0.093803
0.72517
0.91205
0.086414
0.51995
0.55263
0.68515
0.29965
0.60188
0.1985
0.65676
0.69836
0.45968
0.15766
0.42179
0.59605
0.32233
0.83073
0.12269
0.25118
0.93761
0.65521
0.75291
0.81086
0.048427
0.41471
0.72549
0.13904
0.63256
0.24683
0.83997
0.83667
0.45307
0.39476
0.9616
0.0081783
0.39844
0.48777
0.61814
0.07001
0.14269
0.65423
0.21832
0.11913
0.043137
0.16556
0.51111
0.86727
0.76626
0.13495
0.064921
0.67244
0.48221
0.49542
0.31348
0.3235
0.9091
0.45034
0.74864
0.18525
0.084922
0.20703
0.55892
0.6617
0.93921
0.040245
0.16366
0.43812
0.32567
0.089932
0.81032
0.39956
0.65531
0.56684
0.0031219
0.65135
0.3171
0.26593
0.46045
0.62316
0.80185
0.56116
0.024804
0.79354
0.27309
0.82291
0.68855
0.6039
0.38695
0.065535
0.99859
0.66104
0.22917
0.092255
0.24098
0.90257
0.21735
0.47952
0.90923
0.19378
0.44799
0.6178
0.59421
0.66588
0.26768
0.42387
0.79932
0.93231
0.46972
0.3063
0.43937
0.30686
0.27501
0.13875
0.16655
0.49395
0.086584
0.92684
0.14848
0.16048
0.71772
0.67489
0.35852
0.090458
0.008248
0.37278
0.78831
0.44729
0.099625
0.80583
0.65946
0.45236
0.53336
0.52666
0.62968
0.64656
0.19183
0.80173
0.19657
0.41129
0.23569
0.27221
0.0086685
0.92828
0.52022
0.46413
0.52353
0.33681
0.33238
0.98829
0.47372
0.74686
0.66996
0.79559
0.27254
0.28392
0.71726
0.18464
0.8337
0.16967
0.95327
0.72255
0.13425
0.85309
0.93169
0.56418
0.39882
0.4416
0.70168
0.26004
0.028529
0.94797
0.99617
0.77948
0.9894
0.48755
0.12798
0.46437
0.74259
0.67339
0.87398
0.75825
0.61718
0.27482
0.33638
0.83572
0.38589
0.080347
0.86558
0.43537
0.17208
0.0042964
0.6525
0.36969
0.3761
0.44134
0.51612
0.30011
0.47832
0.0062469
0.17144
0.30356
0.74446
0.58089
0.70121
0.80466
0.85199
0.11772
0.65726
0.75295
0.70213
0.60512
0.038267
0.19515
0.33068
0.64283
0.2174
0.07691
0.98059
0.20676
0.98325
0.61037
0.24798
0.51796
0.71283
0.25987
0.11469
0.54967
0.2189
0.31218
0.97313
0.30919
0.94625
0.41056
0.010334
0.31007
0.15521
0.99408
0.45024
0.54522
0.26233
0.88254
0.10306
0.82356
0.42718
0.92034
0.52801
0.87083
0.35281
0.40015
0.59792
0.91152
0.13299
0.042167
0.40104
0.59571
0.91968
0.29378
0.54504
0.78168
0.3274
0.095263
0.44168
0.029077
0.67539
0.11159
0.19964
0.53016
0.62736
0.3736
0.60645
0.84639
0.70195
0.39287
0.57187
0.24977
0.72735
0.34333
0.078635
0.30223
0.3004
0.023221
0.17611
0.86092
0.65595
0.85654
0.27094
0.89595
0.20879
0.96417
0.41436
0.22957
0.81837
0.36044
0.50152
0.74767
0.83185
0.39447
0.096636
0.26539
0.79195
0.93686
0.56826
0.93802
0.59725
0.98795
0.76235
0.18562
0.51677
0.64015
0.86895
0.60012
0.99967
0.12918
0.29337
0.47688
0.12958
0.22812
0.18107
0.67202
0.32578
0.79059
0.54601
0.23056
0.68676
0.049083
0.5726
0.99376
0.36297
0.55872
0.92728
0.25988
0.83248
0.17513
0.87984
0.27963
0.84948
0.80672
0.18913
0.97856
0.25373
0.77855
0.81078
0.49795
0.91572
0.10098
0.13582
0.85832
0.018646
0.72833
0.81666
0.11622
0.48856
0.34745
0.77389
0.28529
0.8244
0.17306
0.86364
0.92605
0.1911
0.050352
0.54845
0.0095179
0.82836
0.90854
0.7053
0.24333
0.58923
0.9389
0.8955
0.60623
0.79238
0.83617
0.56014
0.0006951
0.25128
0.43195
0.43065
0.87523
0.067641
0.33991
0.17706
0.24604
0.72782
0.2882
0.23734
0.13966
0.22073
0.81755
0.37823
0.66552
0.93581
0.42648
0.60516
0.96958
0.36465
0.66445
0.31476
0.88572
0.29554
0.29537
0.90708
0.49288
0.20714
0.025819
0.17021
0.30234
0.96144
0.78366
0.67326
0.84072
0.42085
0.70374
0.48129
0.82058
0.43739
0.85997
0.0088972
0.99603
0.2752
0.033516
0.1521
0.4796
0.88884
0.28342
0.78413
0.17039
0.73129
0.24662
0.081841
0.85291
0.68655
0.95811
0.98506
0.53472
0.90598
0.47665
0.88967
0.02385
0.12872
0.74064
0.39102
0.39363
0.60185
0.023885
0.38767
0.056746
0.68957
0.52039
0.076086
0.40626
0.43021
0.65931
0.21839
0.081089
0.46767
0.72867
0.61398
0.9006
0.25278
0.2201
0.2358
0.81013
0.70241
0.8785
0.71101
0.66108
0.43958
0.56279
0.99031
0.95732
0.33682
0.15546
0.41708
0.55448
0.029752
0.86671
0.89441
0.49719
0.20929
0.7216
0.69972
0.46075
0.17059
0.79437
0.8885
0.14251
0.93967
0.00026086
0.43881
0.011168
0.23452
0.70698
0.69416
0.26512
0.32657
0.093234
0.041599
0.75928
0.32487
0.52182
0.95189
0.66898
0.47312
0.64937
0.66564
0.23015
0.80489
0.50279
0.43403
0.70903
0.55526
0.255
0.075201
0.5891
0.67424
0.58801
0.5337
0.47262
0.32381
0.43099
0.7649
0.99646
0.26502
0.79207
0.13461
0.035536
0.45395
0.56298
0.23088
0.14476
0.6771
0.35407
0.51047
0.69471
0.59529
0.50611
0.7764
0.6852
0.31949
0.83214
0.66082
0.58707
0.019078
0.83695
0.114
0.84042
0.3375
0.42944
0.79378
0.14157
0.6081
0.93063
0.63644
0.047771
0.69835
0.25711
0.6909
0.36318
0.54188
0.22214
0.90549
0.37354
0.078816
0.03093
0.6269
0.937
0.31994
0.74517
0.28893
0.12435
0.51408
0.38751
0.97861
0.29182
0.59234
0.57136
0.61586
0.56091
0.27986
0.15185
0.73301
0.039699
0.80162
0.40642
0.83001
0.97104
0.42248
0.053905
0.78704
0.63008
0.50882
0.56769
0.30919
0.74714
0.33666
0.88335
0.33366
0.79601
0.80478
0.050239
0.40251
0.96519
0.41438
0.33052
0.63637
0.85803
0.78828
0.53841
0.74167
0.73972
0.44479
0.85041
0.49453
0.94816
0.79779
0.13304
0.23777
0.12772
0.53412
0.056697
0.46858
0.98269
0.68222
0.8709
0.49621
0.28766
0.18302
0.96122
0.75626
0.95035
0.67127
0.18605
0.28984
0.058208
0.044066
0.27956
0.17047
0.6771
0.90242
0.35199
0.10016
0.793
0.46843
0.68734
0.68308
0.42144
0.65934
0.63343
0.52515
0.19128
0.51191
0.74833
0.41983
0.73748
0.68647
0.95573
0.30791
0.3423
0.38703
0.026176
0.63355
0.56525
0.36551
0.42146
0.4622
0.31444
0.22566
0.11594
0.13397
0.94652
0.49243
0.74821
0.31094
0.0077053
0.61562
0.35757
0.64883
0.84598
0.10135
0.5883
0.58238
0.5218
0.4546
0.9667
0.18231
0.55939
0.62647
0.03013
0.64227
0.83816
0.39514
0.43734
0.084883
0.58138
0.87168
0.20691
0.09461
0.18795
0.66784
0.73242
0.63101
0.46821
0.31436
0.64147
0.56203
0.66373
0.12488
0.67403
0.68031
0.93012
0.82882
0.1781
0.94924
0.19962
0.21768
0.0085219
0.30063
0.27447
0.58645
0.39655
0.1864
0.39282
0.15459
0.8323
0.14975
0.67955
0.75009
0.01489
0.14225
0.030656
0.8087
0.047146
0.66618
0.45603
0.803
0.35844
0.025334
0.21859
0.71091
0.54892
0.86969
0.73884
0.10323
0.97143
0.73871
0.013858
0.67912
0.4855
0.034718
0.11444
0.076625
0.60782
0.23347
0.14201
0.53017
0.9303
0.6169
0.68989
0.23443
0.20684
0.037366
0.66336
0.50725
0.4858
0.86169
0.96551
0.75969
0.24668
0.67627
0.75931
0.58619
0.82244
0.92684
0.63757
0.018938
0.18434
0.026741
0.935
0.48447
0.79479
0.45684
0.49421
0.42571
0.89177
0.87429
0.63315
0.29228
0.29168
0.2455
0.70435
0.77461
0.82265
0.80619
0.25377
0.8005
0.62971
0.2315
0.38108
0.4532
0.50056
0.54057
0.34515
0.29143
0.70353
0.93408
0.59417
0.59309
0.73873
0.37264
0.45327
0.50938
0.92871
0.45079
0.63743
0.45936
0.55377
0.041233
0.8022
0.67151
0.20033
0.014586
0.76317
0.56751
0.65421
0.63474
0.73433
0.88733
0.66591
0.12067
0.71374
0.44723
0.64098
0.6489
0.67838
0.058828
0.22395
0.16798
0.92853
0.51523
0.67336
0.6678
0.081461
0.22507
0.28419
0.91376
0.2291
0.24862
0.67629
0.64849
0.70368
0.8371
0.7273
0.019434
0.58375
0.92088
0.091678
0.55456
0.9308
0.19945
0.52532
0.12674
0.74873
0.31467
0.18717
0.9804
0.71283
0.82565
0.68322
0.6894
0.53088
0.18885
0.49302
0.55954
0.82828
0.20287
0.52775
0.80781
0.3551
0.54776
0.71744
0.20251
0.64376
8.9016e-05
0.51318
0.56983
0.0070367
0.89247
0.83319
0.77517
0.78814
0.37363
0.15231
0.35226
0.6451
0.93194
0.093321
0.73878
0.055267
0.75716
0.46349
0.045004
0.84203
0.16471
0.11507
0.27156
0.31439
0.60609
0.67747
0.98764
0.99326
0.75754
0.27506
0.95401
0.41108
0.21662
0.62913
0.014869
0.0433
0.18026
0.20047
0.71936
0.44287
0.84549
0.38979
0.83755
0.74842
0.58386
0.16057
0.52884
0.46267
0.37954
0.09323
0.25915
0.33584
0.37511
0.14626
0.31677
0.28123
0.82012
0.34209
0.872
0.26803
0.77543
0.60921
0.017969
0.70151
0.015752
0.68389
0.8779
0.43181
0.63134
0.58604
0.22741
0.78465
0.28764
0.92438
0.29848
0.5363
0.33365
0.23729
0.54524
0.10769
0.13716
0.094427
0.31088
0.81264
0.51356
0.86648
0.98049
0.32665
0.21962
0.51822
0.35301
0.85948
0.26002
0.84372
0.5828
0.71941
0.34352
0.0092739
0.19245
0.50739
0.024242
0.55004
0.27618
0.69624
0.88135
0.024681
0.34121
0.42141
0.080011
0.079354
0.072376
0.90034
0.96931
0.39131
0.31359
0.55331
0.79205
0.79831
0.86326
0.79796
0.0063764
0.9199
0.017962
0.029416
0.71145
0.53841
0.52459
0.50224
0.065673
0.23004
0.11704
0.98977
0.070516
0.060024
0.66158
0.34406
0.12851
0.63714
0.74649
0.80527
0.26903
0.43398
0.40181
0.60814
0.77009
0.94112
0.13146
0.25572
0.37831
0.99374
0.34095
0.89955
0.23748
0.22
0.99108
0.95111
0.63822
0.50413
0.35812
0.76845
0.78436
0.028918
0.052441
0.32342
0.79969
0.63023
0.9828
0.15825
0.61668
0.30872
0.085079
0.87683
0.5907
0.30312
0.16807
0.33988
0.067446
0.65349
0.24429
0.75792
0.29901
0.41882
0.055832
0.030856
0.18658
0.27091
0.066243
0.33349
0.049906
0.10131
0.07187
0.90451
0.3118
0.59177
0.37763
0.95156
0.7424
0.88709
0.5989
0.68963
0.39112
0.22327
0.13126
0.17248
0.9386
0.034482
0.87956
0.52233
0.80825
0.44758
0.34654
0.75715
0.36021
0.55661
0.88872
0.84016
0.24403
0.43562
0.82855
0.1527
0.75795
0.87651
0.50212
0.57027
0.85148
0.98464
0.79021
0.35068
0.5019
0.25521
0.50987
0.07862
0.055899
0.63499
0.6169
0.081473
0.60952
0.54467
0.85592
0.64269
0.27163
0.10675
0.060513
0.62188
0.69907
0.27494
0.42197
0.36582
0.082159
0.06977
0.12089
0.67785
0.21894
0.23728
0.0086346
0.72711
0.56103
0.55197
0.74225
0.82463
0.39339
0.13594
0.19574
0.7203
0.66963
0.05985
0.38428
0.49124
0.77416
0.14781
0.48553
0.071835
0.78744
0.39373
0.23616
0.080568
0.079005
0.92743
0.20472
0.95658
0.33974
0.95997
0.34315
0.063423
0.61247
0.55561
0.90645
0.20123
0.78769
0.34772
0.97215
0.83605
0.71181
0.2149
0.015448
0.21004
0.53647
0.10846
0.85376
0.91085
0.33373
0.46914
0.0028969
0.31091
0.48522
0.26217
0.68311
0.91119
0.5705
0.26528
0.92847
0.064245
0.6263
0.94828
0.51639
0.9567
0.27202
0.52699
0.91119
0.21469
0.82679
0.13833
0.43775
0.87528
0.70431
0.49702
0.6096
0.077828
0.24143
0.025784
0.84648
0.014863
0.55042
0.11967
0.58795
0.62221
0.74702
0.30993
0.9165
0.78227
0.10105
0.2811
0.90751
0.11109
0.78982
0.10228
0.76794
0.66206
0.7731
0.93198
0.17688
0.020422
0.83364
0.47319
0.10865
0.089054
0.11513
0.16797
0.97251
0.286
0.59902
0.85221
0.24478
0.72717
0.40079
0.3106
0.6538
0.39183
0.11934
0.97854
0.51825
0.50777
0.32502
0.19727
0.86289
0.26787
0.53868
0.55147
0.96326
0.26958
0.26572
0.30999
0.5573
0.37819
0.24577
0.67618
0.26129
0.96149
0.49758
0.42777
0.56779
0.61304
0.80699
0.88078
0.15998
0.089177
0.31313
0.60735
0.37874
0.92554
0.057013
0.99402
0.66696
0.61715
0.14789
0.028996
0.57247
0.029982
0.71153
0.21404
0.25519
0.95859
0.18189
0.79846
0.040043
0.30916
0.96709
0.26699
0.12188
0.60738
0.64535
0.87442
0.89733
0.053178
0.75951
0.8589
0.48172
0.075096
0.090721
0.20022
0.77829
0.40728
0.82704
0.14797
0.73291
0.14989
0.83843
0.54537
0.96117
0.075495
0.93383
0.35942
0.06693
0.96593
0.64945
0.42062
0.59644
0.34709
0.21763
0.037841
0.15343
0.37338
0.87682
0.44115
0.63777
0.38781
0.8372
0.76632
0.12558
0.092661
0.66032
0.37767
0.10779
0.62381
0.6216
0.91163
0.60613
0.48535
0.57674
0.9821
0.51857
0.3487
0.98287
0.99201
0.89616
0.74158
0.66474
0.73336
0.43592
0.39963
0.21789
0.88163
0.94207
0.94895
0.10644
0.057975
0.16372
0.52747
0.069748
0.010146
0.09168
0.60743
0.056085
0.6581
0.57582
0.073835
0.24157
0.3512
0.12674
0.73941
0.44568
0.017612
0.68171
0.88083
0.13982
0.81085
0.25286
0.024386
0.53072
0.93485
0.76933
0.40475
0.71781
0.48132
0.44118
0.94236
0.57878
0.78361
0.71481
0.14217
0.69292
0.39365
0.12777
0.6409
0.49751
0.063973
0.52354
0.31454
0.85489
0.0090151
0.20259
0.8806
0.21805
0.31769
0.34396
0.80008
0.57108
0.81324
0.08618
0.19214
0.6295
0.063863
0.74296
0.6034
0.79844
0.16059
0.73793
0.75704
0.88131
0.42924
0.18748
0.30303
0.32076
0.44201
0.36188
0.6256
0.93883
0.2869
0.2446
0.92085
0.92622
0.30994
0.076475
0.78088
0.13075
0.46148
0.44017
0.605
0.12702
0.59904
0.13213
0.11534
0.44107
0.2711
0.94411
0.51664
0.44529
0.30859
0.4696
0.77944
0.16881
0.022451
0.70873
0.60515
0.41368
0.91477
0.47718
0.91622
0.49691
0.92755
0.70365
0.69464
0.0045936
0.54022
0.41297
0.62813
0.54354
0.216
0.5521
0.86275
0.0049393
0.12508
0.77507
0.020386
0.14263
0.32041
0.90475
0.61416
0.015898
0.31139
0.19277
0.27547
0.02671
0.83064
0.76428
0.72116
0.82272
0.76454
0.12057
0.38433
0.027923
0.0013045
0.006998
0.16778
0.15044
0.51549
0.41888
0.59381
0.27698
0.59283
0.58514
0.12159
0.078594
0.032066
0.16817
0.52417
0.84137
0.30641
0.19116
0.065119
0.94601
0.24477
0.6254
0.20667
0.24174
0.74341
0.156
0.82317
0.093985
0.9798
0.65322
0.28411
0.86723
0.03014
0.76094
0.89618
0.61887
0.72075
0.46385
0.75889
0.007142
0.19349
0.091452
0.16793
0.94225
0.84943
0.13728
0.66073
0.03849
0.14816
0.18476
0.64536
0.85655
0.85338
0.49404
0.78088
0.27465
0.96738
0.99053
0.084449
0.32979
0.2683
0.21592
0.76702
0.36505
0.15402
0.16502
0.89336
0.94579
0.51747
0.018373
0.41931
0.12209
0.95185
0.27018
0.89365
0.89519
0.77553
0.90882
0.01668
0.95929
0.075253
0.28513
0.48812
0.97057
0.56811
0.27397
0.12908
0.15519
0.26881
0.43389
0.3959
0.42525
0.61439
0.44681
0.012023
0.034271
0.39877
0.97945
0.54277
0.91239
0.32416
0.29052
0.87897
0.77914
0.39441
0.88233
0.42567
0.46638
0.42493
0.45521
0.69542
0.095578
0.73346
0.13002
0.49653
0.25966
0.59167
0.22762
0.95512
0.06301
0.18325
0.62424
0.29141
0.13719
0.18893
0.95662
0.29661
0.2372
0.66016
0.004296
0.078168
0.30958
0.22397
0.69529
0.70023
0.85182
0.55906
0.57033
0.53092
0.85889
0.44635
0.38338
0.59536
0.30504
0.10111
0.37194
0.22216
0.64323
0.77666
0.43003
0.62106
0.27907
0.47805
0.31474
0.82717
0.74316
0.14431
0.068265
0.53214
0.74396
0.83573
0.72066
0.88762
0.16285
0.20124
0.88196
0.46196
0.18705
0.72488
0.88355
0.79801
0.84297
0.53805
0.20959
0.53045
0.8433
0.21534
0.71673
0.86267
0.47126
0.4605
0.94253
0.62834
0.80639
0.40154
0.32139
0.37881
0.71897
0.19306
0.48999
0.12077
0.13992
0.9472
0.63094
0.43866
0.70776
0.52965
0.65243
0.77818
0.61802
0.50209
0.48537
0.11015
0.91655
0.43262
0.427
0.029286
0.51043
0.9637
0.27535
0.74341
0.1168
0.76933
0.76572
0.54077
0.16932
0.93012
0.20821
0.019761
0.60161
0.60737
0.46885
0.59631
0.72346
0.40811
0.59761
0.42571
0.12184
0.34995
0.54675
0.1271
0.081497
0.28946
0.67682
0.45704
0.49922
0.058478
0.073606
0.33788
0.33607
0.98496
0.75166
0.64653
0.88287
0.51189
0.3762
0.88376
0.24576
0.164
0.6586
0.25562
0.1576
0.27661
0.29871
0.0059043
0.22865
0.67012
0.98167
0.25615
0.61917
0.97183
0.49217
0.30103
0.5971
0.54338
0.12977
0.55222
0.14906
0.25855
0.52871
0.81338
0.71853
0.50082
0.89398
0.95072
0.46236
0.2876
0.92637
0.49633
0.87733
0.21324
0.1144
0.12432
0.5741
0.46637
0.37404
0.75462
0.4556
0.70603
0.92951
0.82047
0.039848
0.96619
0.88797
0.63877
0.010954
0.97726
0.38553
0.39966
0.51029
0.55163
0.95889
0.8554
0.47671
0.87782
0.38988
0.049163
0.30743
0.32021
0.4613
0.48813
0.70674
0.3673
0.94144
0.26819
0.7454
0.90907
0.58455
0.9065
0.056683
0.55674
0.0029614
0.15316
0.40749
0.23345
0.53531
0.31161
0.70863
0.58706
0.23919
0.064059
0.0033692
0.18907
0.4912
0.61647
0.12278
0.13303
0.31418
0.087855
0.40879
0.28232
0.63059
0.21976
0.65425
0.19347
0.0946
0.91836
0.55824
0.41764
0.11045
0.55274
0.11128
0.23602
0.13865
0.32824
0.34644
0.92876
0.88832
0.79004
0.07447
0.4198
0.39672
0.41293
0.97395
0.2379
0.10858
0.80003
0.044813
0.95996
0.80164
0.9606
0.76575
0.60823
0.98904
0.56256
0.49589
0.25304
0.19596
0.49273
0.71088
0.98762
0.33462
0.22017
0.34528
0.091606
0.6316
0.37819
0.88736
0.42653
0.89077
0.22423
0.79693
0.85828
0.4271
0.58886
0.091699
0.25058
0.59377
0.52058
0.91405
0.66329
0.49965
0.6348
0.08636
0.040807
0.75156
0.32376
0.066491
0.92326
0.054361
0.067943
0.57353
0.4392
0.027369
0.049699
0.23855
0.1273
0.63033
0.47641
0.11
0.43543
0.90188
0.56583
0.73064
0.98096
0.58821
0.50316
0.53159
0.60629
0.76432
0.60062
0.72259
0.43521
0.64652
0.1767
0.87648
0.25169
0.35648
0.30335
0.96776
0.19229
0.097864
0.69379
0.096024
0.19939
0.60705
0.70971
0.89053
0.60264
0.86245
0.67596
0.785
0.53665
0.0044474
0.19861
0.43872
0.55829
0.38513
0.64686
0.58567
0.76633
0.17463
0.50311
0.38267
0.9772
0.93608
0.89274
0.44353
0.75153
0.9094
0.37332
0.11629
0.52512
0.34113
0.8494
0.18623
0.20874
0.53043
0.084285
0.24077
0.63455
0.11108
0.60734
0.88976
0.49069
0.31351
0.76214
0.95453
0.64588
0.48532
0.43818
0.18638
0.44313
0.48812
0.86113
0.71646
0.62033
0.089774
0.11176
0.57559
0.46166
0.54545
0.038012
0.57929
0.62898
0.48193
0.16053
0.75438
0.7935
0.29137
0.50761
0.23799
0.19268
0.8087
0.066673
0.19586
0.97478
0.57509
0.58321
0.95002
0.10004
0.87873
0.89145
0.21404
0.16695
0.64613
0.18034
0.11655
0.36533
0.40238
0.08981
0.68377
0.54689
0.98596
0.21275
0.91899
0.66516
0.74348
0.37846
0.47477
0.10626
0.88378
0.4451
0.66823
0.72822
0.28564
0.59369
0.37053
0.79564
0.073534
0.99274
0.77603
0.0073705
0.88895
0.86412
0.69759
0.88499
0.46564
0.37156
0.083022
0.99722
0.86983
7.0261e-05
0.67998
0.65488
0.41181
0.47637
0.38827
0.45206
0.02676
0.42529
0.10581
0.043111
0.55612
0.61129
0.73883
0.25692
0.72626
0.71325
0.50376
0.89277
0.77939
0.49486
0.76151
0.66704
0.97811
0.11707
0.86932
0.56786
0.12015
0.97033
0.83997
0.062317
0.27807
0.40963
0.62681
0.9191
0.41515
0.7115
0.97087
0.43547
0.63538
0.90156
0.87158
0.14272
0.2006
0.62093
0.77503
0.24681
0.36945
0.3411
0.45639
0.17082
0.74561
0.097978
0.89027
0.082094
0.78152
0.84868
0.45088
0.60533
0.35447
0.7591
0.58944
0.61157
0.84317
0.45699
0.88279
0.49357
0.62285
0.56217
0.72166
0.54677
0.78444
0.44635
0.91191
0.086587
0.99894
0.72758
0.55841
0.14282
0.83764
0.72525
0.41738
0.27317
0.31471
0.5817
0.68936
0.86387
0.21086
0.50675
0.42505
0.2397
0.75752
0.79191
0.38588
0.31805
0.48093
0.27851
0.15804
0.39541
0.28546
0.24305
0.64252
0.95692
0.18634
0.90952
0.56874
0.19352
0.70424
0.65158
0.3319
0.52157
0.024763
0.022273
0.79852
0.10781
0.68881
0.77503
0.79149
0.70947
0.94654
0.29802
0.99582
0.55445
0.65609
0.94535
0.22464
0.98152
0.17062
0.94106
0.95696
0.17501
0.05431
0.26821
0.54601
0.77519
0.60376
0.3161
0.43335
0.84278
0.62613
0.27255
0.51453
0.8884
0.1743
0.82007
0.18119
0.097264
0.031315
0.010176
0.96745
0.88804
0.049685
0.67021
0.97662
0.22027
0.084059
0.35886
0.73318
0.60214
0.45137
0.9128
0.0031773
0.51008
0.14446
0.50465
0.56821
0.64217
0.20693
0.34019
0.32747
0.61496
0.59119
0.68792
0.16644
0.65223
0.76864
0.39577
0.39626
0.69212
0.23767
0.94888
0.13575
0.51152
0.041431
0.31241
0.32177
0.94832
0.20734
0.48934
0.44468
0.82085
0.01748
0.78852
0.54079
0.045476
0.51385
0.44562
0.49136
0.65989
0.50537
0.74186
0.94385
0.79933
0.43773
0.090313
0.93357
0.37838
0.75892
0.80379
0.80424
0.59579
0.32499
0.74835
0.47647
0.51559
0.48009
0.42402
0.17602
0.28056
0.87767
0.87386
0.48959
0.60628
0.71769
0.14002
0.58305
0.195
0.063338
0.063902
0.93987
0.52018
0.15012
0.64659
0.58378
0.31233
0.67214
0.39706
0.21952
0.24082
0.38638
0.033501
0.34672
0.55204
0.55844
0.066815
0.58194
0.47586
0.66194
0.7861
0.19003
0.96151
0.53506
0.91452
0.64566
0.15347
0.052182
0.015051
0.19636
0.52771
0.14767
0.073134
0.55484
0.98128
0.16286
0.1566
0.16367
0.07849
0.7184
0.44627
0.51012
0.60514
0.88307
0.12192
0.29026
0.062342
0.14353
0.067965
0.18509
0.76868
0.89768
0.51827
0.84463
0.22876
0.42837
0.36829
0.69605
0.94438
0.21789
0.753
0.51984
0.76007
0.88087
0.23748
0.93969
0.027152
0.56151
0.89045
0.16699
0.42524
0.3269
0.56759
0.82699
0.39168
0.62135
0.96515
0.82847
0.8134
0.95509
0.18312
0.67043
0.7356
0.81955
0.68102
0.33006
0.034692
0.12019
0.28371
0.83824
0.90135
0.44995
0.98854
0.033789
0.85945
0.52856
0.97546
0.87722
0.16134
0.35338
0.058007
0.44412
0.44109
0.3267
0.9144
0.49456
0.71024
0.66464
0.83178
0.25804
0.76924
0.41057
0.055657
0.87065
0.9723
0.11698
0.50831
0.75557
0.10999
0.033864
0.4411
0.12978
0.9716
0.94015
0.93312
0.98376
0.69304
0.70248
0.37131
0.064106
0.44345
0.54299
0.54016
0.78628
0.60141
0.94701
0.63122
0.87884
0.12269
0.81355
0.9776
0.23124
0.91274
0.67637
0.72507
0.68579
0.79672
0.52963
0.75464
0.50355
0.90704
0.12361
0.85223
0.17505
0.76417
0.45933
0.60606
0.36404
0.40195
0.73007
0.95513
0.8788
0.60973
0.96777
0.63414
0.77726
0.8985
0.22657
0.10127
0.82826
0.42447
0.7271
0.93675
0.29653
0.3122
0.5497
0.55258
0.6404
0.59665
0.16117
0.41791
0.36906
0.080265
0.23631
0.99434
0.9093
0.79079
0.13515
0.55034
0.053838
0.67655
0.82228
0.9114
0.14721
0.30486
0.77987
0.48723
0.54917
0.87822
0.98829
0.019152
0.35132
0.53465
0.74782
0.97001
0.69514
0.27327
0.95114
0.90767
0.45742
0.73317
0.55824
0.99389
0.3893
0.88168
0.89327
0.386
0.72755
0.91265
0.90413
0.081452
0.033342
0.57241
0.0092902
0.19833
0.02068
0.79227
0.19083
0.95208
0.77023
0.81657
0.42605
0.30022
0.68029
0.85852
0.87179
0.89706
0.84359
0.48515
0.48854
0.065334
0.45698
0.59556
0.11008
0.34378
0.26407
0.58018
0.43539
0.4151
0.054213
0.2597
0.24418
0.7091
0.65885
0.11918
0.12922
0.077969
0.73524
0.55615
0.83437
0.10612
0.25656
0.054124
0.65655
0.27744
0.70913
0.1303
0.524
0.04589
0.10131
0.46894
0.71065
0.60135
0.20492
0.61879
0.69915
0.31483
0.80479
0.17802
0.24131
0.59473
0.86823
0.81867
0.59008
0.0022878
0.94453
0.79248
0.39933
0.87345
0.6744
0.24237
0.16844
0.86112
0.32664
0.32515
0.40017
0.76351
0.16407
0.68829
0.64332
0.82135
0.37855
0.1119
0.85948
0.71318
0.57501
0.74114
0.75367
0.55509
0.80091
0.67035
0.53511
0.68593
0.95518
0.62775
0.81913
0.18897
0.75148
0.22158
0.41645
0.79087
0.39996
0.045109
0.20105
0.042863
0.63916
0.25176
0.41988
0.17184
0.88446
0.34101
0.20512
0.79539
0.02447
0.03978
0.52982
0.93337
0.60221
0.60118
0.64387
0.92193
0.21926
0.8849
0.048822
0.81204
0.032592
0.41504
0.59467
0.1968
0.79609
0.21099
0.17441
0.61384
0.94106
0.66156
0.2149
0.91359
0.3802
0.034982
0.22735
0.90689
0.86899
0.58247
0.56079
0.0010886
0.12686
0.21464
0.82682
0.38761
0.31808
0.26178
0.29652
0.42818
0.19241
0.56748
0.65767
0.68558
0.35374
0.95679
0.24374
0.74827
0.39023
0.84476
0.37198
0.70761
0.34566
0.87716
0.75053
0.43443
0.40066
0.37294
0.44325
0.38031
0.072712
0.44028
0.60653
0.30478
0.40664
0.10101
0.47688
0.29241
0.016283
0.88442
0.21031
0.68364
0.15439
0.97432
0.50266
0.89141
0.72649
0.49718
0.60721
0.34929
0.52621
0.79692
0.27368
0.29268
0.34815
0.87597
0.093319
0.20668
0.30276
0.35152
0.72675
0.88633
0.051926
0.078559
0.014486
0.19334
0.026289
0.46877
0.24338
0.91992
0.71583
0.48865
0.078074
0.53007
0.66605
0.60771
0.41955
0.1108
0.81661
0.2493
0.50918
0.80413
0.50983
0.3027
0.86193
0.057394
0.73076
0.90088
0.46404
0.46936
0.15381
0.96179
0.87625
0.48863
0.40708
0.12658
0.92543
0.0055811
0.18639
0.32406
0.050187
0.14454
0.72937
0.48228
0.33806
0.23677
0.45086
0.18545
0.32425
0.26397
0.83008
0.69636
0.33354
0.58023
0.28784
0.26397
0.2599
0.67708
0.51983
0.076754
0.055845
0.25873
0.43993
0.28429
0.67877
0.94958
0.77396
0.63614
0.75358
0.74682
0.58603
0.77306
0.39249
0.60529
0.24743
0.2902
0.019333
0.34731
0.1418
0.41153
0.15307
0.82901
0.7392
0.09887
0.82063
0.22711
0.10694
0.66278
0.95458
0.81456
0.62325
0.32827
0.27737
0.43438
0.3503
0.87776
0.0061545
0.69645
0.33806
0.30498
0.6481
0.92115
0.89307
0.99718
0.072884
0.12962
0.98157
0.090242
0.68616
0.92896
0.14182
0.88442
0.019762
0.34269
0.23831
0.98456
0.8466
0.79451
0.90028
0.7801
0.83651
0.32109
0.74275
0.66449
0.28918
0.33737
0.90864
0.032251
0.69636
0.20877
0.82415
0.21823
0.099642
0.61951
0.10381
0.79906
0.90293
0.31251
0.28159
0.0067819
0.49587
0.98848
0.73794
0.31072
0.60041
0.78168
0.11153
0.57933
0.87037
0.68978
0.24297
0.34272
0.54544
0.067573
0.41045
0.23751
0.48897
0.80607
0.37785
0.51798
0.094598
0.9091
0.20763
0.38206
0.66028
0.75837
0.17307
0.51738
0.99534
0.70761
0.080567
0.043308
0.49116
0.4466
0.4868
0.16589
0.36066
0.88072
0.74435
0.41677
0.90735
0.094307
0.18133
0.94659
0.10085
0.38804
0.28922
0.073087
0.19461
0.41749
0.29293
0.70214
0.23971
0.95948
0.30546
0.15492
0.55551
0.79054
0.44387
0.99582
0.43659
0.30444
0.24651
0.96083
0.22288
0.39561
0.22452
0.27002
0.41844
0.99774
0.91103
0.55043
0.59634
0.079145
0.57664
0.89817
0.46331
0.3984
0.10446
0.65224
0.9917
0.67807
0.42848
0.6548
0.58875
0.74505
0.64087
0.50368
0.93804
0.60534
0.63892
0.70266
0.86095
0.37966
0.71212
0.52352
0.36349
0.43468
0.6876
0.22685
0.979
0.97567
0.28951
0.33843
0.99644
0.78897
0.79492
0.63237
0.81145
0.44809
0.83061
0.12666
0.51327
0.71593
0.24815
0.5319
0.38221
0.80176
0.67086
0.98286
0.93682
0.57627
0.080186
0.41382
0.18085
0.99563
0.52039
0.88528
0.64825
0.46625
0.095281
0.96782
0.62011
0.156
0.39837
0.8825
0.53901
0.54368
0.44245
0.18375
0.24923
0.28511
0.52951
0.55984
0.41515
0.90568
0.30514
0.64977
0.28878
0.25525
0.35818
0.80592
0.53893
0.59006
0.23114
0.10195
0.64464
0.98014
0.10172
0.18787
0.0093854
0.8383
0.48134
0.46853
0.90855
0.41715
0.54414
0.69901
0.07905
0.50942
0.4869
0.85588
0.6144
0.11742
0.60687
0.16418
0.39903
0.53236
0.87521
0.65904
0.78763
0.12603
0.52497
0.89948
0.10908
0.63457
0.080846
0.41123
0.71263
0.10042
0.80995
0.63781
0.89807
0.62182
0.41461
0.64756
0.48927
0.093755
0.63732
0.95026
0.47638
0.60281
0.59148
0.22526
0.66843
0.15655
0.77425
0.21305
0.16912
0.72575
0.25619
0.16277
0.62578
0.25075
0.26298
0.84393
0.39742
0.10458
0.19385
0.36307
0.87453
0.59977
0.25811
0.35843
0.88754
0.90053
0.44795
0.26885
0.55382
0.17885
0.8597
0.23198
0.16811
0.026723
0.32243
0.55516
0.82453
0.80425
0.024408
0.37151
0.49187
0.46605
0.041714
0.617
0.57803
0.29881
0.43567
0.13663
0.29972
0.76137
0.035303
0.2695
0.99627
0.44695
0.15278
0.88623
0.03138
0.11603
0.25086
0.75967
0.89831
0.22342
0.6733
0.81879
0.94893
0.87432
0.39374
0.93696
0.4369
0.16252
0.30982
0.68111
0.93405
0.94739
0.59908
0.94887
0.40402
0.041032
0.29383
0.031939
0.86451
0.43255
0.092809
0.13779
0.24197
0.22301
0.86774
0.76418
0.34471
0.38478
0.59487
0.53512
0.33356
0.85468
0.26564
0.93394
0.38983
0.68307
0.27501
0.027958
0.94061
0.53397
0.67117
0.60754
0.75087
0.98132
0.72767
0.85732
0.99184
0.75946
0.14604
0.32631
0.028786
0.69455
0.95876
0.72905
0.73675
0.17461
0.35541
0.57465
0.45995
0.83372
0.81544
0.32395
0.46168
0.67396
0.59523
0.13439
0.019492
0.12511
0.22328
0.44914
0.53453
0.99039
0.71735
0.98006
0.053738
0.63687
0.96038
0.26992
0.94941
0.90223
0.19465
0.73395
0.17486
0.10514
0.31411
0.34877
0.39896
0.28392
0.31391
0.71828
0.94465
0.087789
0.27953
0.59616
0.82843
0.78215
0.55724
0.036276
0.66937
0.84899
0.065465
0.36077
0.25805
0.4326
0.30607
0.96659
0.12993
0.21744
0.89339
0.62171
0.39816
0.35609
0.64657
0.73309
0.7317
0.95818
0.045954
0.42436
0.0090175
0.70381
0.78089
0.56484
0.023295
0.0075639
0.98897
0.20165
0.82334
0.36095
0.46125
0.11005
0.78126
0.45344
0.2971
0.3584
0.48244
0.43122
0.69882
0.67507
0.006871
0.07899
0.46063
0.77754
0.81676
0.63139
0.36488
0.8875
0.25093
0.066119
0.72715
0.7668
0.89833
0.76683
0.94688
0.53573
0.95978
0.97819
0.5221
0.84536
0.89803
0.93123
0.45764
0.75916
0.9388
0.8107
0.93039
0.44696
0.83389
0.98778
0.36964
0.17077
0.82317
0.58706
0.96161
0.48913
0.25352
0.67822
0.91449
0.61707
0.3225
0.49051
0.40746
0.08394
0.59196
0.87902
0.55331
0.29947
0.89701
0.79431
0.77581
0.59897
0.55722
0.29971
0.54766
0.99183
0.48341
0.68477
0.48002
0.74652
0.21142
0.24849
0.097839
0.70867
0.85575
0.78903
0.74284
0.10452
0.52087
0.84663
0.84361
0.37775
0.2721
0.1253
0.69135
0.55513
0.0084742
0.41603
0.43912
0.78436
0.83
0.58961
0.14207
0.59331
0.72619
0.42838
0.21079
0.26538
0.99318
0.48076
0.82775
0.60324
0.81784
0.95555
0.65038
0.62765
0.64656
0.062133
0.9382
0.89872
0.69486
0.31041
0.34355
0.076229
0.51984
0.60878
0.72716
7.3934e-05
0.16977
0.46329
0.36185
0.95207
0.93219
0.95807
0.20654
0.1597
0.57176
0.59292
0.69861
0.30581
0.39385
0.33689
0.12899
0.086936
0.54894
0.31773
0.99275
0.72357
0.5721
0.71723
0.97656
0.42699
0.91301
0.89731
0.83523
0.047958
0.35928
0.29575
0.62913
0.13618
0.37405
0.86478
0.25027
0.029506
0.99945
0.60514
0.2442
0.4382
0.73509
0.55799
0.43834
0.60354
0.181
0.80879
0.81906
0.48724
0.75505
0.40437
0.72568
0.15401
0.50907
0.66804
0.15258
0.062696
0.33711
0.44594
0.75765
0.13053
0.90151
0.22034
0.37855
0.42276
0.97269
0.17702
0.88228
0.55126
0.32149
0.89985
0.54211
0.46289
0.80797
0.36082
0.971
0.55552
0.76982
0.68012
0.2052
0.83462
0.86547
0.041521
0.61419
0.27328
0.74671
0.48787
0.79238
0.52446
0.59751
0.22003
0.36402
0.29724
0.85162
0.97369
0.62362
0.89228
0.9809
0.64698
0.79882
0.40487
0.48236
0.063892
0.80293
0.35107
0.84927
0.99181
0.48432
0.35636
0.054371
0.91408
0.70497
0.43808
0.96811
0.72382
0.6568
0.51477
0.87706
0.060174
0.47148
0.31102
0.19469
0.15105
0.90142
0.070658
0.95839
0.69989
0.01201
0.0048804
0.85329
0.46729
0.83672
0.22062
0.80596
0.24858
0.99827
0.9379
0.55396
0.9127
0.63549
0.7801
0.56722
0.19176
0.90625
0.51486
0.99898
0.37733
0.20611
0.72995
0.31344
0.11758
0.88861
0.69312
0.9399
0.41717
0.81577
0.80484
0.3604
0.91381
0.28832
0.165
0.45586
0.24282
0.0019221
0.61534
0.66123
0.66034
0.68048
0.85065
0.037314
0.68078
0.57114
0.69021
0.89557
0.26686
0.068555
0.3136
0.78918
0.49834
0.43703
0.16841
0.26456
0.68388
0.81664
0.70552
0.57654
0.99406
0.46119
0.49335
0.27396
0.6551
0.40706
0.29996
0.60544
0.79117
0.97089
0.77338
0.59998
0.44907
0.15347
0.21123
0.70035
0.95618
0.63547
0.89127
0.21629
0.68354
0.31506
0.025387
0.82025
0.43267
0.088707
0.93508
0.39078
0.58793
0.23984
0.65356
0.36653
0.48125
0.40169
0.3338
0.26759
0.76784
0.24038
0.96128
0.92355
0.27425
0.22328
0.25212
0.24699
0.23958
0.42825
0.82593
0.61719
0.19387
0.80808
0.98563
0.1486
0.85303
0.2386
0.41694
0.3224
0.43404
0.32742
0.098969
0.67117
0.049359
0.201
0.49914
0.27542
0.4196
0.59699
0.049145
0.88668
0.8583
0.085062
0.17742
0.013399
0.58999
0.70786
0.75892
0.21397
0.96617
0.48439
0.062468
0.17846
0.33826
0.88048
0.042721
0.35541
0.64074
0.82788
0.044623
0.79083
0.051151
0.29643
0.27214
0.91345
0.60547
0.50222
0.7366
0.11212
0.88449
0.52955
0.0054939
0.16287
0.26233
0.03887
0.68206
0.028196
0.49995
0.48069
0.27853
0.59049
0.28742
0.91995
0.0060638
0.56453
0.36869
0.37136
0.021194
0.68725
0.55456
0.76544
0.79134
0.24656
0.19981
0.36694
0.71957
0.12536
0.42989
0.016353
0.07102
0.71031
0.80295
0.9102
0.91212
0.62954
0.13149
0.062137
0.77754
0.74215
0.62593
0.7291
0.20301
0.79499
0.97457
0.42014
0.24572
0.48012
0.66897
0.85238
0.94532
0.12873
0.69665
0.080084
0.10356
0.1312
0.51506
0.48178
0.44588
0.79818
0.52894
0.66884
0.48334
0.33269
0.2588
0.9737
0.26436
0.78994
0.49707
0.32079
0.61628
0.0068941
0.062934
0.92002
0.90616
0.83154
0.91367
0.67916
0.77706
0.69367
0.19886
0.45239
0.78889
0.0019245
0.55558
0.43325
0.058416
0.44196
0.83959
0.61826
0.74159
0.93564
0.32531
0.74599
0.8729
0.43329
0.52156
0.65266
0.46901
0.1833
0.226
0.41196
0.015292
0.75067
0.062123
0.43168
0.54278
0.61015
0.43623
0.081069
0.28396
0.073227
0.72998
0.34638
0.65221
0.48176
0.38259
0.32689
0.10304
0.37041
0.37744
0.4818
0.79562
0.69139
0.84979
0.51228
0.85503
0.46544
0.26485
0.62948
0.56273
0.54116
0.39331
0.42046
0.13712
0.29218
0.0073232
0.9327
0.60926
0.89185
0.42082
0.40018
0.55393
0.59626
0.50628
0.58721
0.13282
0.7616
0.65114
0.35109
0.3126
0.27425
0.14953
0.33435
0.83303
0.23358
0.069241
0.49473
0.12215
0.40262
0.091214
0.72055
0.34234
0.5663
0.65451
0.6525
0.70086
0.3011
0.085464
0.63344
0.26643
0.89425
0.30027
0.71506
0.33035
0.36487
0.59235
0.90519
0.26453
0.94983
0.73873
0.0044611
0.85074
0.69557
0.56243
0.33772
0.3328
0.077323
0.4583
0.65719
0.57195
0.40211
0.9347
0.36053
0.94771
0.030124
0.4411
0.70071
0.70299
0.51017
0.61224
0.74637
0.80144
0.33672
0.56409
0.85527
0.58916
0.50824
0.85343
0.6838
0.10634
